2026/04/28 17.08.55 43,44,42,42|36,35
2026/04/28 17.09.15 45,46,46,47|40,35
2026/04/28 17.09.45 47,48,47,49|-24,-26
2026/04/28 17.09.55 45,47,47,47|40,36
2026/04/28 17.11.27 38,38,38,39|34,33
2026/04/28 17.20.26 45,46,45,46|40,36
2026/04/28 17.27.10 43,44,42,44|23,22
2026/04/28 17.51.13 45,46,46,46|40,36
2026/04/28 17.52.44 43,44,43,44|3,4
2026/04/28 17.58.54 34,35,35,36|22,21
2026/04/28 17.59.25 35,35,34,36|22,21
2026/04/28 17.59.35 35,34,35,36|22,21
2026/04/28 18.05.52 32,33,33,34|32,31
2026/04/28 18.09.43 40,41,41,42|36,38
2026/04/28 18.21.22 36,36,37,37|33,31
2026/04/28 18.22.23 34,34,34,37|33,30
2026/04/28 18.23.55 31,32,31,33|33,30
2026/04/28 18.45.38 38,40,39,40|34,31
2026/04/28 18.46.49 34,34,34,35|31,30
2026/04/28 18.48.20 33,33,32,33|31,29
2026/04/28 18.50.01 39,40,40,41|35,32
2026/04/28 18.52.07 40,41,42,42|36,33
2026/04/28 19.07.08 45,46,45,45|40,35
2026/04/28 19.10.18 41,41,41,42|15,13
2026/04/28 19.19.19 45,46,46,46|41,36
2026/04/28 19.23.14 41,42,41,42|22,21
2026/04/28 19.32.32 44,45,45,46|40,36
2026/04/28 19.36.12 45,46,45,45|26,23
2026/04/28 19.36.22 45,46,46,46|40,36
2026/04/28 19.38.12 40,41,41,41|-1,-2
2026/04/28 19.44.13 44,46,47,47|40,36
2026/04/28 19.45.03 47,49,49,49|20,17
2026/04/28 19.45.13 47,48,48,49|42,37
2026/04/28 19.47.08 48,49,48,49|-26,-27
2026/04/28 19.47.18 49,50,50,50|44,38
2026/04/28 20.00.14 47,48,49,49|9,8
2026/04/28 20.00.24 47,48,48,49|42,38
2026/04/28 20.01.59 47,49,49,50|42,41
2026/04/28 20.07.15 45,47,46,47|8,7
2026/04/28 20.07.25 45,46,46,47|40,37
2026/04/28 20.09.30 43,44,44,45|21,20
2026/04/28 20.11.46 45,46,46,47|40,35
2026/04/28 20.12.01 45,45,45,45|9,8
2026/04/28 20.13.16 44,46,46,46|40,36
2026/04/28 20.16.18 39,41,40,40|34,33
2026/04/28 20.24.49 44,46,46,46|40,35
2026/04/28 20.36.08 38,38,38,39|34,33
2026/04/28 20.47.15 35,35,34,37|33,31
2026/04/28 20.47.30 34,34,34,37|33,31
04-28 20:47:32.980
2026/04/28 20.49.43 33,34,34,34|31,31
2026/04/28 21.13.49 38,40,39,40|35,33
2026/04/28 21.14.09 41,42,42,42|37,33
2026/04/28 21.15.39 44,46,46,47|40,35
2026/04/28 21.19.15 38,40,39,40|34,34
2026/04/28 21.46.18 34,35,35,37|35,33
2026/04/28 21.46.49 35,35,34,37|35,33
2026/04/28 21.47.45 34,34,34,37|35,33
2026/04/28 21.51.19 33,33,33,33|30,29
2026/04/28 22.17.12 40,42,42,42|36,33
2026/04/28 22.18.32 44,46,45,46|40,35
2026/04/28 22.25.08 44,45,44,44|15,14
2026/04/28 22.25.43 44,46,45,46|40,36
2026/04/28 22.28.55 41,43,42,42|-16,-17
2026/04/28 22.36.14 45,47,46,46|40,35
2026/04/28 22.37.55 41,43,42,42|-3,-4
2026/04/28 22.38.56 44,46,46,46|40,35
2026/04/28 22.39.36 44,45,44,45|-21,-16
2026/04/28 22.41.36 45,46,46,46|40,36
2026/04/28 22.48.46 47,48,47,47|25,20
2026/04/28 22.48.56 45,46,46,47|40,36
2026/04/28 22.57.39 35,35,34,37|40,36
2026/04/28 22.58.15 35,34,35,35|40,36
2026/04/28 22.58.51 34,34,34,35|40,36
2026/04/28 22.59.01 36,37,36,37|32,32
2026/04/28 23.00.52 39,40,39,41|35,33
2026/04/28 23.01.02 39,40,40,40|35,33
2026/04/28 23.01.22 40,40,40,40|35,33
2026/04/28 23.07.21 34,35,35,40|35,33
2026/04/28 23.07.36 35,35,34,40|35,33
2026/04/28 23.11.31 32,33,33,33|35,33
2026/04/28 23.24.44 38,40,39,40|34,32
2026/04/28 23.26.35 40,41,41,41|35,32
2026/04/28 23.43.02 44,46,46,47|40,35
2026/04/28 23.46.45 40,41,41,41|27,26
2026/04/28 23.56.47 45,46,46,46|40,35
2026/04/28 23.58.23 40,40,41,41|24,-1
2026/04/29 00.03.21 45,47,47,47|41,36
2026/04/29 00.08.56 38,39,38,39|34,33
2026/04/29 00.11.17 35,36,34,37|33,32
2026/04/29 00.11.28 35,34,34,37|33,32
2026/04/29 00.11.43 34,35,35,37|33,32
2026/04/29 00.13.38 39,40,39,40|35,31
2026/04/29 00.13.48 39,40,40,41|36,32
2026/04/29 00.13.58 40,41,39,41|36,32
2026/04/29 00.17.25 34,35,34,37|32,31
2026/04/29 00.26.04 35,34,34,35|32,31
2026/04/29 00.27.30 38,40,39,40|34,32
2026/04/29 00.32.17 35,34,35,37|32,31
04-29 00:32:19.625
2026/04/29 00.35.25 34,34,33,34|31,30
2026/04/29 00.59.52 38,39,38,40|34,31
2026/04/29 01.00.12 39,40,40,40|35,32
2026/04/29 01.04.44 40,41,41,42|36,34
2026/04/29 01.05.19 44,45,45,45|40,35
2026/04/29 01.11.56 38,38,38,39|27,27
2026/04/29 01.25.07 35,35,34,39|34,33
2026/04/29 01.25.37 34,35,35,39|34,33
2026/04/29 01.25.53 35,34,34,39|34,33
2026/04/29 01.35.41 38,40,39,40|34,33
2026/04/29 01.35.56 40,41,41,41|35,33
2026/04/29 01.40.27 45,47,46,46|40,36
2026/04/29 01.46.22 50,52,51,51|44,40
2026/04/29 01.50.12 44,45,45,45|-24,-25
2026/04/29 01.50.27 44,46,45,47|40,37
2026/04/29 01.51.53 43,44,44,44|-16,-17
2026/04/29 01.53.13 45,46,47,46|40,37
2026/04/29 01.57.58 49,51,50,51|-24,-26
2026/04/29 01.58.08 49,50,50,50|43,39
2026/04/29 02.00.03 46,48,47,47|-11,-12
2026/04/29 02.00.13 45,47,47,47|41,38
2026/04/29 02.00.28 44,45,45,45|34,32
2026/04/29 02.07.49 44,46,45,46|40,36
2026/04/29 02.08.44 43,45,44,45|25,23
2026/04/29 02.09.14 44,44,45,45|40,36
2026/04/29 02.14.54 40,42,41,42|-4,-5
2026/04/29 02.34.16 45,45,46,46|40,36
2026/04/29 02.36.57 40,41,41,42|-31,-32
2026/04/29 02.44.08 34,35,35,37|33,32
2026/04/29 02.44.18 34,35,34,37|33,32
2026/04/29 02.45.13 35,34,34,36|32,32
2026/04/29 02.45.34 34,34,34,34|31,31
2026/04/29 02.54.20 38,39,39,40|34,33
2026/04/29 02.54.40 38,40,39,40|8,7
2026/04/29 02.54.55 39,40,40,41|35,33
2026/04/29 02.55.40 40,40,39,40|35,34
2026/04/29 03.05.25 45,46,47,47|40,38
2026/04/29 03.18.04 38,37,38,38|34,32
2026/04/29 03.20.57 34,35,35,37|33,31
2026/04/29 03.22.03 35,35,34,37|33,31
2026/04/29 03.22.54 35,34,34,37|33,31
2026/04/29 03.23.39 39,40,39,39|35,31
2026/04/29 03.23.54 38,40,40,41|35,32
2026/04/29 03.24.14 40,41,42,42|36,32
2026/04/29 03.25.54 45,46,45,46|40,35
2026/04/29 03.29.40 42,44,42,44|13,12
2026/04/29 03.37.28 45,47,47,47|40,35
2026/04/29 03.43.04 45,46,46,46|-34,-35
2026/04/29 03.43.24 45,46,47,47|40,36
04-29 03:43:27.444
2026/04/29 06.17.49 39,41,38,39|33,32
2026/04/29 06.17.59 39,40,41,41|36,33
2026/04/29 06.18.09 43,44,45,45|38,34
2026/04/29 06.18.19 45,46,47,47|40,34
2026/04/29 06.23.08 37,39,38,39|34,33
2026/04/29 06.30.17 36,36,34,37|33,32
2026/04/29 06.31.13 34,36,35,37|33,32
2026/04/29 06.43.50 35,34,35,36|33,32
2026/04/29 06.55.46 34,34,34,35|32,31
2026/04/29 18.10.56 39,40,39,41|35,30
2026/04/29 18.11.06 40,42,42,42|36,31
2026/04/29 18.19.16 34,34,34,35|31,30
2026/04/29 18.22.17 39,40,40,40|35,31
2026/04/29 18.23.42 35,34,34,37|32,29
2026/04/29 18.24.28 34,34,33,34|33,30
2026/04/29 18.32.00 38,40,39,39|35,30
2026/04/29 18.32.10 39,40,39,40|35,30
2026/04/29 18.35.26 35,34,34,40|35,31
2026/04/29 18.36.42 32,33,33,33|30,28
2026/04/29 19.44.48 38,40,40,40|35,31
2026/04/29 19.44.58 40,41,41,41|36,31
2026/04/29 19.49.05 35,35,34,36|-33,-34
2026/04/29 19.49.15 35,34,35,36|-33,-34
2026/04/29 19.50.11 39,41,40,41|35,35
2026/04/29 19.51.47 34,36,35,36|32,31
2026/04/29 19.51.57 35,34,34,36|32,31
2026/04/29 19.53.08 34,34,33,34|31,30
2026/04/29 21.03.45 38,39,39,40|35,32
2026/04/29 21.04.45 39,40,40,40|36,33
2026/04/29 21.07.18 35,35,34,37|33,32
2026/04/29 21.27.06 40,40,40,40|35,34
2026/04/29 21.44.07 35,35,34,37|33,32
2026/04/29 21.44.18 34,35,34,37|33,32
2026/04/29 21.44.38 34,34,35,37|33,32
2026/04/29 21.46.15 34,34,34,34|33,32
2026/04/29 21.53.21 38,39,39,40|35,32
2026/04/29 21.56.44 39,40,38,39|34,33
2026/04/29 22.00.33 35,34,34,37|33,32
2026/04/29 22.08.31 32,34,33,34|30,30
2026/04/29 22.11.44 39,40,39,38|34,33
2026/04/29 22.11.54 39,40,40,38|34,33
2026/04/29 22.12.04 39,40,39,41|35,33
2026/04/29 22.14.27 35,35,34,37|32,32
2026/04/29 22.16.29 34,34,34,36|32,32
2026/04/29 22.23.17 32,34,34,34|31,30
2026/04/29 23.18.23 39,40,39,41|35,32
2026/04/29 23.18.33 39,40,41,41|36,32
2026/04/29 23.18.48 40,40,39,40|35,32
2026/04/29 23.25.10 34,35,34,36|32,32
04-29 23:25:13.757
2026/04/29 23.25.46 34,34,35,35|32,32
2026/04/29 23.27.53 32,33,33,34|30,30
2026/04/30 00.50.38 39,40,41,41|36,34
2026/04/30 00.50.48 41,42,41,42|37,33
2026/04/30 00.54.38 44,45,45,45|40,36
2026/04/30 00.55.33 40,41,40,41|18,17
2026/04/30 01.26.57 34,35,35,36|32,32
2026/04/30 01.29.59 40,41,41,41|36,35
2026/04/30 01.32.05 44,46,45,45|40,38
2026/04/30 01.39.43 38,39,39,39|34,33
2026/04/30 01.42.06 34,36,35,37|32,32
2026/04/30 01.55.42 35,34,35,35|32,32
2026/04/30 02.15.21 35,36,34,36|32,32
2026/04/30 03.38.14 34,34,34,33|32,32
2026/04/30 03.40.17 38,40,39,41|35,32
2026/04/30 03.40.37 39,40,40,40|35,32
2026/04/30 03.40.47 40,42,41,42|36,32
2026/04/30 04.07.19 34,36,35,36|32,31
2026/04/30 04.08.04 34,34,35,36|32,31
2026/04/30 04.08.24 34,35,34,36|32,31
2026/04/30 04.09.04 34,34,34,34|31,30
2026/04/30 04.10.14 39,40,40,40|35,32
2026/04/30 04.10.29 40,41,41,41|36,32
2026/04/30 04.12.00 44,45,46,46|40,34
2026/04/30 04.13.05 44,45,44,45|20,16
2026/04/30 04.15.26 45,46,46,46|40,37
2026/04/30 04.21.02 44,45,45,45|25,22
2026/04/30 04.21.48 43,44,43,45|38,41
2026/04/30 04.22.03 45,46,46,45|40,37
2026/04/30 04.22.23 46,47,46,47|-23,-24
2026/04/30 04.22.33 47,48,47,47|41,37
2026/04/30 04.22.43 48,48,49,49|-1,-2
2026/04/30 04.22.53 47,49,48,49|42,37
2026/04/30 04.23.33 47,49,48,49|33,28
2026/04/30 04.23.48 46,47,47,46|41,37
2026/04/30 04.23.58 45,45,45,46|-35,-36
2026/04/30 04.24.59 44,45,45,46|39,43
2026/04/30 04.25.09 45,46,46,45|40,38
2026/04/30 04.25.24 46,48,47,47|14,13
2026/04/30 04.25.34 48,49,48,49|42,37
2026/04/30 04.27.39 42,43,42,43|11,12
2026/04/30 04.29.01 41,43,42,44|37,40
2026/04/30 04.29.16 44,45,45,46|40,39
2026/04/30 04.29.36 47,48,47,47|30,28
2026/04/30 04.29.51 47,48,48,47|41,37
2026/04/30 04.30.11 47,48,48,49|-3,-5
2026/04/30 04.30.21 47,48,48,49|42,37
2026/04/30 04.30.31 46,48,47,47|-32,-33
2026/04/30 04.30.41 47,48,48,49|42,37
04-30 04:30:44.831
2026/04/30 04.32.37 42,43,43,45|38,40
2026/04/30 04.34.17 47,49,47,49|29,26
2026/04/30 04.34.32 47,48,48,48|41,37
2026/04/30 04.36.33 45,46,46,47|40,44
2026/04/30 04.38.13 48,49,49,49|26,23
2026/04/30 04.38.23 49,50,50,50|43,38
2026/04/30 04.40.39 48,50,50,51|43,46
2026/04/30 04.40.59 48,50,49,50|8,6
2026/04/30 04.41.09 48,49,49,50|42,38
2026/04/30 04.42.09 49,50,49,50|29,25
2026/04/30 04.42.19 47,48,48,49|41,37
2026/04/30 04.43.29 47,48,47,49|26,21
2026/04/30 04.43.39 46,47,47,47|41,37
2026/04/30 04.43.54 46,46,46,47|26,24
2026/04/30 04.44.04 45,47,45,46|40,37
2026/04/30 04.49.51 46,47,46,47|23,20
2026/04/30 04.50.06 45,47,46,46|40,37
2026/04/30 04.52.27 45,46,47,47|41,42
2026/04/30 04.58.54 49,50,50,50|32,28
2026/04/30 04.59.04 49,50,50,51|43,39
2026/04/30 05.01.24 48,49,48,49|15,14
2026/04/30 05.01.34 48,48,49,49|42,38
2026/04/30 05.03.55 46,48,48,48|42,42
2026/04/30 05.04.50 48,50,49,49|-6,-7
2026/04/30 05.05.00 49,50,49,50|42,38
2026/04/30 05.11.47 46,47,47,48|42,43
2026/04/30 05.13.22 47,48,46,47|27,23
2026/04/30 05.13.42 47,49,47,48|41,36
2026/04/30 05.15.32 47,49,47,47|-3,-5
2026/04/30 05.15.42 47,48,47,47|41,36
2026/04/30 05.22.06 36,38,38,39|34,33
2026/04/30 05.22.26 44,45,45,45|39,41
2026/04/30 05.22.36 44,46,45,46|40,36
2026/04/30 05.23.51 46,47,46,47|-38,-40
2026/04/30 05.24.06 46,46,46,47|40,35
2026/04/30 05.24.41 45,47,46,46|9,7
2026/04/30 05.24.51 47,48,47,48|40,35
2026/04/30 05.35.11 46,47,47,48|42,45
2026/04/30 05.37.01 49,50,49,51|24,19
2026/04/30 05.37.16 50,51,51,51|43,38
2026/04/30 05.38.16 49,51,49,52|-1,-2
2026/04/30 05.38.26 49,50,50,50|43,38
2026/04/30 05.38.36 49,50,50,50|-5,-6
2026/04/30 05.38.51 49,50,49,50|43,38
2026/04/30 05.39.11 49,50,50,50|28,23
2026/04/30 05.39.21 49,50,50,51|43,39
2026/04/30 05.46.49 41,42,41,42|16,15
2026/04/30 05.47.44 45,46,46,46|40,35
2026/04/30 05.48.49 44,45,44,45|33,29
04-30 05:48:53.395
2026/04/30 05.51.35 46,47,47,47|41,36
2026/04/30 05.55.16 44,45,45,46|28,25
2026/04/30 05.56.41 45,47,47,47|41,39
2026/04/30 05.56.51 49,51,51,51|45,47
2026/04/30 05.57.21 50,52,51,51|28,23
2026/04/30 05.57.31 50,52,51,51|44,38
2026/04/30 05.58.56 49,50,49,50|-15,-17
2026/04/30 05.59.06 48,50,49,50|43,38
2026/04/30 06.01.46 48,49,47,49|-4,-5
2026/04/30 06.01.56 47,49,48,49|41,38
2026/04/30 06.08.30 44,46,46,47|39,41
2026/04/30 06.11.10 47,48,47,48|30,26
2026/04/30 06.11.25 47,48,47,48|41,37
2026/04/30 06.12.45 48,49,48,49|-6,-3
2026/04/30 06.12.55 47,49,48,49|42,37
2026/04/30 06.13.05 48,49,49,48|-8,-9
2026/04/30 06.13.15 47,49,48,49|41,37
2026/04/30 06.15.25 44,44,44,44|-27,-28
2026/04/30 06.18.38 44,45,45,46|40,42
2026/04/30 06.20.08 47,48,48,48|-5,-6
2026/04/30 06.20.18 47,48,47,49|42,38
2026/04/30 06.20.43 47,49,48,49|28,25
2026/04/30 06.20.58 48,50,49,49|42,38
2026/04/30 06.21.48 49,49,49,49|34,30
2026/04/30 06.21.58 49,49,50,50|42,38
2026/04/30 06.22.38 48,49,49,49|-2,-4
2026/04/30 06.22.53 49,50,49,50|43,39
2026/04/30 06.23.03 49,51,49,50|5,3
2026/04/30 06.23.13 48,49,49,50|43,39
2026/04/30 06.34.00 38,39,39,39|34,33
2026/04/30 06.59.02 35,35,34,37|-15,-16
2026/04/30 07.01.24 34,36,35,36|34,32
2026/04/30 07.01.34 35,34,35,36|34,32
2026/04/30 07.24.23 32,34,34,34|32,31
2026/04/30 07.32.43 38,40,38,37|33,31
2026/04/30 07.33.39 41,44,42,43|37,32
2026/04/30 07.34.14 46,47,47,47|40,34
2026/04/30 07.41.43 40,41,40,42|-28,-29
2026/04/30 07.50.45 35,35,34,37|36,34
2026/04/30 07.51.06 34,35,35,35|36,34
2026/04/30 07.53.14 35,34,35,35|36,34
2026/04/30 08.05.09 39,40,40,40|35,34
2026/04/30 08.06.51 40,42,41,40|36,35
2026/04/30 08.22.41 45,46,46,46|40,38
2026/04/30 08.39.22 44,45,45,46|-9,-10
2026/04/30 08.53.22 45,46,46,46|40,39
2026/04/30 09.10.14 46,47,46,47|41,40
2026/04/30 10.25.21 44,45,45,44|-11,-6
2026/04/30 13.23.10 44,45,45,45|40,39
04-30 13:23:15.195
2026/04/30 15.42.05 41,43,43,44|22,21
2026/04/30 15.57.51 44,45,45,45|40,38
2026/04/30 16.16.14 43,45,45,45|18,17
2026/04/30 16.16.35 44,45,45,45|40,38
2026/04/30 17.15.26 41,41,42,42|31,31
2026/04/30 17.28.07 34,35,34,36|35,34
2026/04/30 17.29.39 34,34,35,36|35,34
2026/04/30 17.37.44 39,40,39,40|35,35
2026/04/30 17.43.49 32,33,33,33|31,31
2026/04/30 18.06.17 38,40,39,40|34,30
2026/04/30 18.06.27 40,41,40,41|36,31
2026/04/30 18.09.49 43,45,45,45|39,41
2026/04/30 18.10.29 45,47,46,47|5,4
2026/04/30 18.10.39 46,47,46,47|40,36
2026/04/30 18.11.19 47,47,47,47|31,27
2026/04/30 18.11.29 45,47,47,47|41,36
2026/04/30 18.17.17 45,46,46,46|40,40
2026/04/30 18.17.42 49,50,49,50|-33,-35
2026/04/30 18.17.52 49,50,49,50|43,39
2026/04/30 18.18.57 51,52,51,52|44,40
2026/04/30 18.22.37 48,50,49,49|-13,-14
2026/04/30 18.22.57 47,48,48,48|42,39
2026/04/30 18.23.18 47,48,48,48|6,5
2026/04/30 18.23.43 47,48,47,49|41,39
2026/04/30 18.25.49 44,46,45,45|-39,38
2026/04/30 18.26.04 45,46,46,46|40,38
2026/04/30 18.26.19 45,45,45,45|-2,-3
2026/04/30 18.26.29 45,47,46,47|40,38
2026/04/30 18.33.18 44,46,45,46|11,9
2026/04/30 18.33.33 45,47,46,46|40,37
2026/04/30 18.39.19 38,38,38,39|34,34
2026/04/30 18.50.01 31,30,31,32|37,35
2026/04/30 19.04.19 39,39,39,41|34,31
2026/04/30 19.04.29 40,40,41,41|35,31
2026/04/30 19.08.02 35,35,34,37|32,32
2026/04/30 19.08.12 34,34,34,37|32,32
2026/04/30 19.09.42 38,40,39,41|35,33
2026/04/30 19.10.08 40,40,40,40|35,32
2026/04/30 19.16.46 45,46,46,46|40,35
2026/04/30 19.23.10 35,35,35,37|32,31
2026/04/30 19.26.53 33,34,34,33|32,31
2026/04/30 19.42.14 39,40,39,40|35,30
2026/04/30 19.43.45 34,34,34,35|32,29
2026/04/30 19.44.00 34,35,34,34|30,29
2026/04/30 19.45.51 39,39,39,40|34,31
2026/04/30 19.46.01 40,41,41,41|35,31
2026/04/30 19.47.41 34,34,34,35|32,30
2026/04/30 19.48.36 34,34,33,34|30,29
2026/04/30 19.52.49 38,40,39,40|34,30
04-30 19:52:53.860
2026/04/30 19.54.40 35,34,34,37|32,30
2026/04/30 19.55.10 38,40,39,40|34,31
2026/04/30 19.55.20 40,41,41,41|36,31
2026/04/30 19.56.57 34,35,35,37|32,31
2026/04/30 19.57.07 34,34,34,37|32,31
2026/04/30 19.58.02 39,40,39,41|35,32
2026/04/30 19.58.22 40,41,39,39|34,32
2026/04/30 20.00.08 40,41,41,42|35,32
2026/04/30 20.16.30 34,35,34,35|32,31
2026/04/30 20.16.56 34,34,34,35|32,31
2026/04/30 20.19.08 34,34,34,34|32,31
2026/04/30 20.22.48 39,40,40,41|35,32
2026/04/30 20.23.03 40,41,41,41|35,32
2026/04/30 20.25.35 35,35,34,36|32,31
2026/04/30 20.26.15 39,40,40,41|34,32
2026/04/30 20.32.43 45,46,45,46|40,34
2026/04/30 20.34.50 37,38,38,39|34,32
2026/04/30 20.44.20 35,35,34,36|33,31
2026/04/30 20.44.30 34,34,33,36|33,31
2026/04/30 20.45.46 33,34,34,34|30,30
2026/04/30 20.55.44 38,39,39,40|34,29
2026/04/30 20.55.54 39,40,38,40|34,29
2026/04/30 20.56.04 39,41,41,41|35,29
2026/04/30 20.56.19 40,41,41,41|35,30
2026/04/30 21.10.13 34,35,35,37|33,31
2026/04/30 21.10.23 34,35,34,36|32,31
2026/04/30 21.10.38 34,34,34,36|32,31
2026/04/30 21.11.08 34,34,34,33|31,30
2026/04/30 21.14.10 38,40,39,40|34,31
2026/04/30 21.16.21 39,41,40,41|35,31
2026/04/30 21.16.31 41,42,43,43|36,32
2026/04/30 21.18.48 34,35,35,35|33,31
2026/04/30 21.19.03 35,35,34,36|32,30
2026/04/30 21.19.18 32,34,33,34|32,30
2026/04/30 21.21.39 39,40,39,41|35,31
2026/04/30 21.21.49 40,42,42,42|36,32
2026/04/30 21.24.46 34,34,35,36|32,31
2026/04/30 21.25.01 34,35,34,36|32,31
2026/04/30 21.26.47 39,40,39,40|34,32
2026/04/30 21.27.27 39,40,41,41|35,32
2026/04/30 21.28.23 40,41,40,40|34,32
2026/04/30 21.36.06 35,35,34,38|33,31
2026/04/30 21.36.16 34,35,35,36|32,31
2026/04/30 21.36.31 34,34,34,35|32,31
2026/04/30 21.36.46 33,34,34,34|31,30
2026/04/30 21.53.28 38,38,38,40|33,30
2026/04/30 21.53.43 39,40,40,40|34,30
2026/04/30 21.56.00 40,41,41,42|35,31
2026/04/30 21.59.25 45,46,46,46|40,34
04-30 21:59:30.441
2026/04/30 21.59.55 41,42,41,42|33,30
2026/04/30 22.11.28 34,36,35,38|33,32
2026/04/30 22.11.43 35,35,34,38|33,32
2026/04/30 22.12.14 34,34,34,38|33,32
2026/04/30 22.13.04 33,34,34,33|31,30
2026/04/30 22.19.40 40,40,38,39|33,29
2026/04/30 22.19.50 39,39,39,40|33,28
2026/04/30 22.20.15 40,40,41,42|35,31
2026/04/30 22.28.24 35,35,34,36|32,31
2026/04/30 22.28.34 34,34,34,35|32,31
2026/04/30 22.31.33 31,32,31,32|29,28
2026/04/30 22.57.33 38,40,38,40|34,29
2026/04/30 22.57.43 40,41,41,42|35,30
2026/04/30 23.08.40 45,46,46,47|40,35
2026/04/30 23.10.46 44,46,44,46|23,20
2026/04/30 23.12.46 45,46,46,46|40,35
2026/04/30 23.13.07 45,46,45,46|5,3
2026/04/30 23.13.17 45,46,46,46|40,36
2026/04/30 23.19.15 44,46,45,46|-18,-19
2026/04/30 23.19.25 45,46,46,46|40,36
2026/04/30 23.22.06 44,45,44,45|-18,-19
2026/04/30 23.23.21 45,46,46,47|40,36
2026/04/30 23.23.36 45,46,45,46|21,19
2026/04/30 23.24.06 45,46,46,46|40,36
2026/04/30 23.25.33 40,41,41,42|-23,-24
2026/04/30 23.27.54 45,46,46,46|40,35
2026/04/30 23.30.29 38,40,39,40|-19,-15
2026/04/30 23.31.56 35,34,35,39|34,32
2026/04/30 23.32.37 34,35,35,37|33,31
2026/04/30 23.32.47 35,35,34,37|33,31
2026/04/30 23.33.53 34,35,34,34|31,30
2026/04/30 23.47.34 39,40,39,40|35,30
2026/04/30 23.47.44 40,41,41,41|35,30
2026/04/30 23.49.50 35,35,34,36|33,31
2026/04/30 23.50.00 34,35,34,36|33,31
2026/04/30 23.50.40 35,34,34,37|33,30
2026/04/30 23.52.02 33,33,33,33|26,25
2026/05/01 00.22.11 38,39,39,40|-35,-37
2026/05/01 00.25.28 39,40,39,39|34,32
2026/05/01 00.25.38 41,42,42,42|36,32
2026/05/01 00.41.05 46,48,47,49|40,35
2026/05/01 00.41.25 48,50,50,50|31,24
2026/05/01 00.41.35 45,46,46,47|40,36
2026/05/01 00.43.11 43,44,43,44|-5,-6
2026/05/01 00.43.41 46,48,49,49|41,35
2026/05/01 00.44.26 44,46,45,45|22,18
2026/05/01 00.45.31 44,46,45,45|40,35
2026/05/01 00.45.46 44,44,44,44|22,18
2026/05/01 00.50.58 48,49,49,50|41,35
05-01 00:51:03.483
2026/05/01 01.24.16 38,40,38,39|32,31
2026/05/01 01.24.26 39,41,41,41|34,32
2026/05/01 01.24.36 43,43,43,44|37,32
2026/05/01 01.24.56 45,47,46,47|40,33
2026/05/01 01.31.37 38,38,37,39|34,32
2026/05/01 01.35.35 35,35,34,36|35,32
2026/05/01 01.36.21 34,35,35,37|33,31
2026/05/01 01.37.12 35,34,35,36|33,31
2026/05/01 01.40.44 38,40,39,40|35,31
2026/05/01 01.43.50 34,34,34,40|35,31
2026/05/01 01.45.06 34,34,34,34|32,30
2026/05/01 02.02.08 38,40,39,39|34,30
2026/05/01 02.02.58 38,40,40,40|35,30
2026/05/01 02.04.24 34,34,34,35|34,30
2026/05/01 02.07.30 33,34,34,33|30,29
2026/05/01 02.41.57 39,39,39,40|34,29
2026/05/01 02.42.07 39,40,39,40|34,29
2026/05/01 02.42.42 39,40,40,41|34,29
2026/05/01 02.42.57 40,41,40,40|35,30
2026/05/01 02.45.12 35,35,34,37|33,30
2026/05/01 02.45.23 34,34,33,37|33,30
2026/05/01 02.46.39 32,33,33,33|29,28
2026/05/01 03.23.42 36,40,38,39|34,29
2026/05/01 03.23.52 38,39,39,40|34,29
2026/05/01 03.24.17 39,41,40,41|35,30
2026/05/01 03.24.27 40,42,42,43|36,30
2026/05/01 03.28.03 35,35,34,35|33,30
2026/05/01 03.28.13 34,35,34,35|33,30
2026/05/01 03.28.24 33,34,34,35|33,30
2026/05/01 03.28.44 33,34,34,34|30,29
2026/05/01 03.30.04 41,42,43,43|36,31
2026/05/01 03.30.29 45,47,47,47|41,33
2026/05/01 03.31.14 38,40,39,39|34,31
2026/05/01 03.36.01 34,35,35,36|33,31
2026/05/01 03.36.16 35,35,34,36|33,31
2026/05/01 03.36.42 34,34,35,36|31,30
2026/05/01 03.37.02 33,34,33,34|30,30
2026/05/01 03.38.02 39,41,39,40|34,33
2026/05/01 03.38.12 41,41,41,41|36,33
2026/05/01 03.39.49 35,35,34,37|32,31
2026/05/01 03.39.59 35,34,34,37|32,31
2026/05/01 03.41.04 39,41,41,41|35,32
2026/05/01 03.47.59 35,35,34,39|34,32
2026/05/01 03.48.09 34,35,34,39|34,32
2026/05/01 03.48.24 34,34,34,35|34,32
2026/05/01 03.48.49 32,33,33,34|34,32
2026/05/01 03.53.52 39,41,39,39|34,30
2026/05/01 03.54.17 38,39,38,40|33,30
2026/05/01 03.55.43 34,34,34,37|33,30
05-01 03:55:45.432
2026/05/01 03.56.13 32,33,32,33|30,29
2026/05/01 03.58.04 39,40,40,41|34,30
2026/05/01 03.58.14 40,41,41,42|35,31
2026/05/01 03.59.45 35,34,35,36|32,30
2026/05/01 03.59.56 34,34,34,36|32,30
2026/05/01 04.02.08 33,33,33,34|32,30
2026/05/01 04.20.16 38,39,39,40|34,30
2026/05/01 04.20.26 38,40,37,39|34,30
2026/05/01 04.21.01 34,34,33,36|31,29
2026/05/01 04.23.29 30,30,31,32|28,27
2026/05/01 04.40.32 39,40,39,40|35,30
2026/05/01 04.40.42 39,40,40,41|35,30
2026/05/01 04.40.57 40,40,41,41|35,30
2026/05/01 04.44.28 34,34,35,37|32,30
2026/05/01 04.44.39 34,35,34,37|32,30
2026/05/01 04.46.00 34,34,34,34|31,30
2026/05/01 04.47.00 38,39,38,40|34,31
2026/05/01 04.52.08 39,40,37,40|6,5
2026/05/01 04.52.33 40,40,39,40|35,31
2026/05/01 04.54.59 34,35,35,37|33,31
2026/05/01 04.55.19 34,34,34,35|31,30
2026/05/01 04.56.34 38,40,39,40|34,31
2026/05/01 05.00.47 34,34,34,36|32,30
2026/05/01 05.02.17 33,34,33,33|31,30
2026/05/01 05.05.39 40,41,40,41|35,30
2026/05/01 05.12.08 35,34,34,37|32,30
2026/05/01 05.12.18 34,34,33,37|32,30
2026/05/01 05.16.35 38,40,40,40|35,31
2026/05/01 05.16.45 40,41,41,41|36,31
2026/05/01 05.20.01 45,46,46,46|40,34
2026/05/01 05.21.16 44,45,45,46|-39,-40
2026/05/01 05.21.36 44,45,45,46|40,34
2026/05/01 05.25.22 40,42,42,42|-1,-2
2026/05/01 05.30.55 34,34,34,37|33,31
2026/05/01 05.31.56 32,33,32,33|31,30
2026/05/01 05.33.16 39,40,39,40|34,31
2026/05/01 05.33.26 39,40,40,40|34,31
2026/05/01 05.33.46 40,39,39,40|34,31
2026/05/01 05.44.09 44,45,45,46|40,34
2026/05/01 05.45.35 39,41,40,41|-39,-40
2026/05/01 06.00.14 44,46,46,47|40,35
2026/05/01 06.05.41 41,42,41,42|-10,-12
2026/05/01 06.10.27 44,45,45,46|40,35
2026/05/01 06.10.42 44,45,45,45|28,24
2026/05/01 06.10.52 44,45,45,45|40,36
2026/05/01 06.12.47 43,44,42,43|30,10
2026/05/01 06.20.15 45,46,47,47|40,41
2026/05/01 06.26.38 38,39,39,40|34,34
2026/05/01 06.32.55 44,45,45,46|40,35
05-01 06:32:58.038
2026/05/01 06.33.55 42,44,42,44|22,19
2026/05/01 06.34.25 44,45,45,46|40,35
2026/05/01 06.35.46 42,42,42,42|-35,-36
2026/05/01 06.57.48 44,45,45,46|40,35
2026/05/01 07.10.09 52,54,54,55|45,38
2026/05/01 07.10.19 53,56,55,56|47,39
2026/05/01 07.10.29 55,57,57,57|48,40
2026/05/01 07.16.44 49,50,50,51|44,39
2026/05/01 07.16.54 45,46,50,51|44,39
2026/05/01 07.17.04 44,45,46,46|39,37
2026/05/01 07.18.51 39,40,39,40|35,33
2026/05/01 07.31.18 36,38,38,39|33,31
2026/05/01 07.34.15 35,35,34,37|32,31
2026/05/01 07.36.21 39,40,40,41|35,34
2026/05/01 07.48.24 47,49,49,51|41,35
2026/05/01 07.48.44 53,55,54,55|45,38
2026/05/01 07.48.54 54,56,56,56|47,39
2026/05/01 07.49.04 55,57,57,58|47,39
2026/05/01 07.49.19 56,57,57,58|48,40
2026/05/01 07.51.52 49,50,50,51|43,39
2026/05/01 07.52.11 49,49,50,50|43,38
2026/05/01 07.52.21 49,50,49,50|42,37
2026/05/01 07.52.35 48,50,49,49|43,38
2026/05/01 07.55.51 42,43,42,43|36,34
2026/05/01 07.56.46 40,42,41,42|-2,-10
2026/05/01 08.07.08 35,35,34,37|33,31
2026/05/01 08.09.48 40,41,41,41|35,35
2026/05/01 08.30.51 44,46,45,46|40,35
2026/05/01 08.32.37 40,41,41,42|10,10
2026/05/01 08.41.56 45,45,45,46|40,35
2026/05/01 08.42.11 44,45,44,45|8,7
2026/05/01 08.50.51 34,35,34,37|32,31
2026/05/01 08.51.11 34,34,35,37|32,31
2026/05/01 08.53.28 38,40,39,40|34,31
2026/05/01 08.53.38 40,40,40,41|35,32
2026/05/01 09.09.37 46,46,46,46|40,35
2026/05/01 09.11.43 44,45,45,45|-1,-3
2026/05/01 09.12.38 45,46,46,47|40,35
2026/05/01 09.15.13 46,46,46,47|23,19
2026/05/01 09.15.23 45,46,45,46|40,36
2026/05/01 09.16.53 44,46,45,46|8,6
2026/05/01 09.17.54 45,46,46,47|40,36
2026/05/01 09.18.09 44,47,45,47|-17,-18
2026/05/01 09.18.29 45,46,45,46|40,36
2026/05/01 09.18.59 43,45,45,45|16,14
2026/05/01 09.19.44 44,46,46,46|40,35
2026/05/01 09.20.04 44,44,44,44|3,2
2026/05/01 09.21.59 45,47,46,47|40,35
2026/05/01 09.23.14 42,44,43,43|-26,-28
05-01 09:23:16.950
2026/05/01 09.23.59 45,46,46,46|40,35
2026/05/01 09.32.01 47,48,47,48|20,15
2026/05/01 09.32.11 46,48,46,48|40,36
2026/05/01 09.38.32 43,44,44,44|28,26
2026/05/01 09.39.52 44,46,45,46|40,35
2026/05/01 09.45.32 45,46,46,47|1,-1
2026/05/01 09.45.42 47,47,47,48|41,35
2026/05/01 09.49.42 45,46,46,47|-7,-8
2026/05/01 09.49.52 46,48,47,48|41,36
2026/05/01 09.52.08 44,45,44,45|-2,-3
2026/05/01 09.52.18 45,47,47,47|41,36
2026/05/01 09.55.13 45,46,46,46|31,27
2026/05/01 09.56.34 45,46,46,46|40,35
2026/05/01 10.02.16 44,45,44,45|-2,-3
2026/05/01 10.04.11 45,46,46,47|40,35
2026/05/01 10.06.31 44,45,45,46|-34,-35
2026/05/01 10.08.06 45,46,46,47|40,35
2026/05/01 10.08.16 44,46,45,46|8,6
2026/05/01 10.08.36 45,46,46,46|40,35
2026/05/01 10.11.22 41,44,43,44|7,6
2026/05/01 10.11.47 45,46,46,46|40,35
2026/05/01 10.14.23 45,46,46,46|26,21
2026/05/01 10.14.38 45,46,46,46|40,36
2026/05/01 10.14.53 45,47,46,47|-11,-13
2026/05/01 10.15.08 46,47,46,47|41,36
2026/05/01 10.15.58 45,46,46,46|18,15
2026/05/01 10.16.08 47,48,47,48|41,36
2026/05/01 10.16.43 45,47,46,47|10,8
2026/05/01 10.17.48 45,46,46,47|40,36
2026/05/01 10.22.56 44,45,45,45|0,-1
2026/05/01 10.23.46 45,47,46,47|40,36
2026/05/01 10.28.21 45,45,45,45|33,29
2026/05/01 10.29.01 45,46,46,46|40,36
2026/05/01 10.32.07 44,45,43,45|-13,-15
2026/05/01 10.32.17 45,46,47,47|40,35
2026/05/01 10.50.50 47,48,46,49|-3,28
2026/05/01 10.51.10 45,46,46,47|41,37
2026/05/01 10.52.00 47,48,47,48|26,22
2026/05/01 10.52.15 46,47,47,49|41,37
2026/05/01 10.52.35 47,48,48,49|29,24
2026/05/01 10.52.45 48,49,49,49|42,37
2026/05/01 10.56.05 47,49,48,49|6,5
2026/05/01 10.56.20 45,46,46,47|40,37
2026/05/01 11.12.33 46,48,46,47|31,27
2026/05/01 11.12.43 47,48,47,48|41,37
2026/05/01 11.16.54 38,39,39,39|3,2
2026/05/01 11.20.44 45,46,46,46|41,35
2026/05/01 11.24.04 44,45,44,45|23,20
2026/05/01 11.26.40 45,48,46,47|40,36
05-01 11:26:43.299
2026/05/01 11.30.16 46,48,47,47|34,29
2026/05/01 11.30.31 46,46,46,46|40,37
2026/05/01 11.34.27 47,48,48,48|3,4
2026/05/01 11.34.37 46,48,47,48|41,37
2026/05/01 11.41.03 45,46,46,47|24,21
2026/05/01 11.41.13 47,49,48,49|42,38
2026/05/01 11.41.48 48,49,47,49|9,7
2026/05/01 11.41.58 48,49,48,49|42,38
2026/05/01 11.53.34 46,48,47,47|-8,-9
2026/05/01 11.53.44 47,48,47,47|41,37
2026/05/01 12.01.26 46,47,46,47|34,31
2026/05/01 12.01.36 45,48,47,47|41,37
2026/05/01 12.04.28 41,42,42,42|30,28
2026/05/01 12.10.26 45,46,45,45|40,36
2026/05/01 12.19.16 41,42,42,42|8,8
2026/05/01 12.21.47 45,46,46,46|40,36
2026/05/01 12.23.12 44,46,45,46|25,22
2026/05/01 12.23.22 45,47,47,47|41,36
2026/05/01 12.25.17 47,48,47,47|25,21
2026/05/01 12.25.32 46,48,47,48|41,37
2026/05/01 12.27.52 47,47,46,47|27,24
2026/05/01 12.28.02 47,48,47,48|40,37
2026/05/01 12.29.22 53,55,54,55|46,39
2026/05/01 12.29.33 53,55,55,55|47,39
2026/05/01 12.29.53 55,55,55,56|47,39
2026/05/01 12.30.07 49,51,50,51|44,39
2026/05/01 12.30.17 48,49,50,50|43,38
2026/05/01 12.30.27 47,48,47,49|42,38
2026/05/01 12.31.12 46,47,46,47|9,9
2026/05/01 12.31.22 45,46,46,46|40,37
2026/05/01 12.32.07 47,48,47,47|0,-1
2026/05/01 12.32.22 45,46,46,46|40,37
2026/05/01 12.35.12 47,48,47,49|21,18
2026/05/01 12.35.22 48,50,49,50|42,38
2026/05/01 12.36.47 47,48,47,48|-7,-8
2026/05/01 12.36.57 47,47,47,47|41,37
2026/05/01 12.37.07 46,47,46,47|24,21
2026/05/01 12.37.42 45,47,46,46|40,37
2026/05/01 12.39.48 45,46,46,46|34,30
2026/05/01 12.40.03 45,46,46,47|40,37
2026/05/01 12.42.09 42,44,42,45|1,0
2026/05/01 12.44.19 44,46,45,46|40,36
2026/05/01 12.49.20 45,46,45,47|23,20
2026/05/01 12.49.30 45,46,45,46|40,37
2026/05/01 12.55.08 46,48,46,47|-3,-4
2026/05/01 12.55.18 47,48,48,49|42,37
2026/05/01 12.59.44 45,47,46,47|31,27
2026/05/01 12.59.54 47,48,47,49|42,38
2026/05/01 13.00.59 47,48,47,48|13,10
05-01 13:01:01.928
2026/05/01 13.50.26 47,49,46,46|39,36
2026/05/01 13.50.36 48,49,50,49|42,37
2026/05/01 13.50.46 48,49,49,49|-22,-22
2026/05/01 13.50.56 47,49,48,49|41,37
2026/05/01 13.52.01 45,46,46,46|24,21
2026/05/01 13.52.56 45,47,46,47|40,37
2026/05/01 13.53.27 44,45,43,45|7,6
2026/05/01 13.53.42 45,46,46,46|40,37
2026/05/01 13.55.37 43,45,43,45|-19,-20
2026/05/01 13.57.08 45,46,46,46|40,37
2026/05/01 13.58.23 49,50,50,51|42,41
2026/05/01 13.58.58 43,44,43,44|-10,-6
2026/05/01 14.15.07 46,47,47,48|41,40
2026/05/01 14.18.20 39,40,39,40|35,34
2026/05/01 14.19.00 43,44,43,44|10,9
2026/05/01 14.31.03 44,45,46,46|40,37
2026/05/01 14.32.53 47,48,48,49|41,40
2026/05/01 14.33.03 44,45,44,45|-18,-18
2026/05/01 15.02.41 44,46,46,47|40,37
2026/05/01 15.05.17 43,44,44,44|-18,-19
2026/05/01 15.06.22 45,46,46,47|40,36
2026/05/01 15.09.28 42,45,43,44|-33,-34
2026/05/01 15.13.29 44,46,46,46|40,37
2026/05/01 15.14.14 45,46,46,46|-19,-20
2026/05/01 15.16.10 45,47,46,46|40,37
2026/05/01 15.19.56 44,45,45,45|32,30
2026/05/01 15.23.52 44,46,46,47|40,37
2026/05/01 15.24.42 43,44,44,45|17,16
2026/05/01 15.25.22 45,46,46,47|40,37
2026/05/01 15.28.02 45,46,45,46|-2,-3
2026/05/01 15.34.55 34,35,34,35|29,29
2026/05/01 15.35.05 34,34,35,36|19,19
2026/05/01 15.36.15 33,34,33,33|30,29
2026/05/01 15.57.28 39,40,39,40|35,33
2026/05/01 15.57.38 39,41,41,42|36,33
2026/05/01 15.58.08 40,40,39,40|-6,-4
2026/05/01 17.01.24 34,34,34,35|32,31
2026/05/01 17.03.14 38,40,39,40|9,8
2026/05/01 17.07.04 40,40,40,40|35,32
2026/05/01 17.29.41 41,42,43,44|37,42
2026/05/01 17.29.56 44,46,46,46|40,46
2026/05/01 17.35.31 48,49,49,49|-29,-30
2026/05/01 17.35.46 45,45,46,45|40,38
2026/05/01 17.37.17 39,40,39,40|32,31
2026/05/01 17.42.42 35,35,34,36|12,13
2026/05/01 17.43.07 34,35,35,35|31,30
2026/05/01 17.44.48 34,34,35,35|31,31
2026/05/01 17.46.18 34,34,34,33|31,30
2026/05/01 18.33.37 38,39,38,40|34,33
05-01 18:33:39.431
2026/05/02 21.51.42 38,40,38,37|32,30
2026/05/02 21.52.17 38,40,38,40|24,21
2026/05/02 21.52.27 41,42,42,42|36,35
2026/05/02 22.45.36 34,35,35,36|17,17
2026/05/02 22.45.52 35,35,34,36|17,17
2026/05/02 22.46.07 34,34,35,36|17,17
2026/05/02 22.48.59 34,34,34,34|30,29
2026/05/02 23.04.37 40,40,41,41|35,32
2026/05/02 23.09.49 34,35,35,36|32,30
2026/05/02 23.10.15 34,35,34,36|32,30
2026/05/02 23.12.31 35,34,35,35|33,31
2026/05/02 23.17.57 32,33,33,34|30,30
2026/05/02 23.32.03 39,40,39,40|35,35
2026/05/02 23.34.35 35,34,34,36|32,30
2026/05/02 23.35.30 38,40,39,39|34,32
2026/05/02 23.38.32 34,34,34,35|31,30
2026/05/02 23.38.43 34,34,34,34|31,30
2026/05/02 23.46.06 38,40,38,39|34,31
2026/05/02 23.46.16 38,39,38,40|34,31
2026/05/02 23.47.06 39,40,40,41|35,33
2026/05/02 23.48.01 41,42,41,42|36,35
2026/05/02 23.50.59 35,35,34,36|32,31
2026/05/02 23.51.24 34,35,34,35|32,31
2026/05/02 23.51.45 34,34,34,35|32,31
2026/05/02 23.53.50 39,40,38,39|33,31
2026/05/02 23.54.50 39,41,41,41|35,32
2026/05/02 23.55.00 40,41,41,42|35,33
2026/05/03 00.18.44 35,35,34,36|32,31
2026/05/03 00.19.04 34,35,34,36|32,31
2026/05/03 00.19.34 34,34,34,36|31,30
2026/05/03 00.20.29 33,35,34,34|31,30
2026/05/03 00.34.23 39,40,39,40|34,32
2026/05/03 00.35.33 39,40,40,40|35,32
2026/05/03 00.39.26 40,40,39,40|35,33
2026/05/03 00.42.02 34,35,34,37|32,30
2026/05/03 00.42.17 33,34,34,37|32,30
2026/05/03 00.43.08 32,34,33,34|30,29
2026/05/03 01.20.14 37,38,38,40|34,33
2026/05/03 01.20.34 39,40,39,40|33,32
2026/05/03 01.20.49 40,40,39,40|35,33
2026/05/03 01.20.59 40,41,41,41|36,34
2026/05/03 02.30.40 34,35,35,37|33,31
2026/05/03 02.30.51 34,35,34,37|33,31
2026/05/03 02.31.01 34,34,34,37|33,31
2026/05/03 02.32.32 38,40,39,40|34,31
2026/05/03 02.32.47 40,40,39,40|34,32
2026/05/03 02.34.43 34,35,35,38|33,31
2026/05/03 02.34.53 34,34,34,38|33,31
2026/05/03 02.36.44 39,40,39,40|34,32
05-03 02:36:46.300
2026/05/03 05.56.47 37,39,36,37|31,29
2026/05/03 05.57.07 39,40,39,40|34,30
2026/05/03 05.57.17 40,41,42,42|35,30
2026/05/03 06.02.39 34,35,35,36|33,30
2026/05/03 06.03.04 35,34,35,36|16,15
2026/05/03 06.03.14 34,34,34,36|16,15
2026/05/03 06.04.20 32,33,33,34|31,29
2026/05/03 06.50.22 39,40,39,40|34,30
2026/05/03 06.52.57 34,34,34,35|31,29
2026/05/03 06.53.17 33,34,33,34|30,28
2026/05/03 07.46.04 38,38,39,40|34,31
2026/05/03 07.46.14 38,40,39,40|34,31
2026/05/03 07.46.44 40,41,39,41|35,31
2026/05/03 07.46.54 40,40,40,41|35,31
2026/05/03 08.07.09 35,35,34,36|32,30
2026/05/03 08.12.11 34,35,35,36|32,30
2026/05/03 08.12.57 34,34,35,35|31,30
2026/05/03 08.16.58 38,40,38,39|33,30
2026/05/03 08.17.58 40,40,39,41|34,31
2026/05/03 08.18.08 41,42,42,42|36,31
2026/05/03 08.32.38 34,35,35,38|34,32
2026/05/03 08.32.53 34,35,34,38|34,32
2026/05/03 08.33.04 34,34,34,38|34,32
2026/05/03 08.35.47 34,34,33,34|31,29
2026/05/03 08.38.07 38,39,39,41|34,31
2026/05/03 08.38.17 38,40,38,40|34,31
2026/05/03 08.43.35 40,40,39,40|34,31
2026/05/03 08.43.55 39,40,40,40|34,31
2026/05/03 08.45.06 34,35,35,36|34,31
2026/05/03 08.45.16 34,34,34,35|34,31
2026/05/03 08.46.17 38,40,39,41|34,31
2026/05/03 08.48.02 39,40,40,41|35,31
2026/05/03 08.48.12 40,41,40,42|35,32
2026/05/03 09.01.32 35,35,34,39|34,31
2026/05/03 09.01.43 35,34,34,39|34,31
2026/05/03 09.02.13 34,35,34,36|31,30
2026/05/03 09.03.08 39,40,40,41|35,33
2026/05/03 09.03.58 40,41,41,41|36,34
2026/05/03 09.10.14 34,36,35,36|11,11
2026/05/03 09.11.39 35,35,34,36|31,29
2026/05/03 09.11.49 34,34,35,36|31,29
2026/05/03 09.13.24 33,35,34,34|31,29
2026/05/03 09.16.24 39,40,38,40|33,29
2026/05/03 09.18.04 39,40,41,41|34,32
2026/05/03 09.20.01 35,35,34,37|9,8
2026/05/03 09.20.21 34,34,34,35|9,8
2026/05/03 09.22.42 39,40,39,41|34,31
2026/05/03 09.22.52 40,40,39,41|34,31
2026/05/03 09.23.47 39,41,41,40|35,31
05-03 09:23:49.819
2026/05/03 09.31.30 35,35,34,37|33,31
2026/05/03 09.34.00 39,40,40,41|35,32
2026/05/03 10.12.16 45,47,47,48|40,36
2026/05/03 10.13.21 49,51,50,52|43,40
2026/05/03 10.36.41 43,44,44,45|-30,-31
2026/05/03 10.54.10 34,35,35,36|33,32
2026/05/03 10.54.35 35,35,34,35|33,32
2026/05/03 10.55.15 39,40,40,41|35,32
2026/05/03 10.57.31 40,40,40,41|35,32
2026/05/03 11.04.34 34,35,35,36|32,30
2026/05/03 11.04.54 35,35,34,36|32,30
2026/05/03 11.05.04 35,34,34,36|32,30
2026/05/03 11.06.44 38,40,38,39|34,31
2026/05/03 11.09.21 39,40,40,40|34,31
2026/05/03 11.09.31 40,41,39,40|34,31
2026/05/03 11.16.31 35,36,34,39|-32,-33
2026/05/03 11.22.32 39,41,40,41|35,32
2026/05/03 11.37.14 34,36,35,40|35,32
2026/05/03 11.37.29 34,34,35,36|35,32
2026/05/03 11.37.54 35,35,34,36|31,31
2026/05/03 11.38.59 34,34,34,34|31,30
2026/05/03 11.43.41 38,39,39,40|34,31
2026/05/03 11.49.20 39,40,38,37|33,30
2026/05/03 11.49.41 40,40,39,40|34,31
2026/05/03 11.49.51 40,41,40,41|35,32
2026/05/03 11.57.51 34,35,35,37|34,32
2026/05/03 11.58.01 35,35,34,37|34,32
2026/05/03 11.58.51 34,34,34,35|31,31
2026/05/03 12.02.29 38,40,38,39|34,31
2026/05/03 12.03.04 39,40,41,41|35,32
2026/05/03 12.03.39 40,41,41,41|36,33
2026/05/03 12.06.16 34,35,35,40|35,33
2026/05/03 12.06.37 35,35,34,40|35,33
2026/05/03 12.11.18 39,41,41,42|35,32
2026/05/03 12.16.31 40,41,41,41|35,33
2026/05/03 12.36.41 34,35,35,37|-4,-5
2026/05/03 12.36.51 34,34,34,37|-4,-5
2026/05/03 12.39.04 31,32,31,32|28,28
2026/05/03 13.31.11 38,40,39,40|33,31
2026/05/03 13.31.42 39,40,40,40|1,-1
2026/05/03 13.35.15 34,34,35,36|24,24
2026/05/03 13.35.35 35,35,34,36|24,24
2026/05/03 13.51.30 39,40,40,40|35,33
2026/05/03 13.52.05 40,40,39,41|35,32
2026/05/03 14.09.41 36,35,34,39|35,33
2026/05/03 14.09.56 34,36,35,36|32,32
2026/05/03 14.11.42 38,39,40,40|35,32
2026/05/03 14.12.07 40,41,40,41|35,33
2026/05/03 14.18.01 34,36,35,37|33,32
05-03 14:18:04.194
2026/05/03 20.10.28 39,41,39,40|34,33
2026/05/03 20.10.38 41,41,41,40|34,33
2026/05/03 20.23.20 45,46,46,47|40,36
2026/05/03 20.23.35 44,45,43,44|33,30
2026/05/03 20.35.54 34,35,35,36|32,30
2026/05/03 20.36.30 34,34,34,36|32,30
2026/05/03 20.37.10 34,34,34,34|31,30
2026/05/03 20.38.50 38,39,39,40|34,31
2026/05/03 20.39.20 38,40,38,40|34,31
2026/05/03 20.39.35 39,41,41,42|35,32
2026/05/03 20.39.45 40,41,41,41|-39,-40
2026/05/03 20.52.47 34,35,35,36|32,32
2026/05/03 20.56.30 35,36,34,37|32,31
2026/05/03 20.59.07 34,34,34,35|-5,-3
2026/05/03 21.05.30 30,30,29,34|30,29
2026/05/03 21.15.48 39,40,41,40|34,30
2026/05/03 21.19.09 35,34,35,40|34,30
2026/05/03 21.19.19 32,33,33,40|34,30
2026/05/03 21.22.33 30,31,30,31|34,30
2026/05/03 22.08.35 39,40,39,40|35,32
2026/05/03 22.08.50 39,40,41,41|35,32
2026/05/03 22.09.00 40,41,41,42|2,1
2026/05/03 22.12.06 35,35,34,36|32,31
2026/05/03 22.12.16 34,35,34,35|31,30
2026/05/03 22.12.31 34,34,35,35|31,30
2026/05/03 22.13.32 32,33,33,33|31,30
2026/05/03 22.56.16 38,39,38,40|32,30
2026/05/03 22.56.36 39,40,38,40|34,31
2026/05/03 22.57.16 40,41,39,41|35,31
2026/05/03 22.57.26 40,41,41,42|36,32
2026/05/03 23.00.43 34,35,35,41|34,31
2026/05/03 23.00.53 34,35,34,41|34,31
2026/05/03 23.01.09 34,34,34,41|34,31
2026/05/03 23.02.51 32,33,33,33|34,31
2026/05/03 23.08.55 38,39,38,40|34,31
2026/05/03 23.09.20 39,40,39,40|34,31
2026/05/03 23.09.35 40,41,40,41|35,31
2026/05/03 23.14.21 34,35,35,36|32,31
2026/05/03 23.14.36 35,35,34,36|32,31
2026/05/03 23.14.51 35,34,34,36|32,31
2026/05/03 23.16.42 32,34,33,34|30,30
2026/05/03 23.20.42 41,42,42,43|36,32
2026/05/03 23.21.33 35,35,34,40|34,32
2026/05/03 23.22.09 34,35,34,36|32,31
2026/05/03 23.23.04 39,40,40,41|35,32
2026/05/03 23.25.20 35,36,34,37|32,31
2026/05/03 23.26.25 39,40,40,40|35,32
2026/05/03 23.28.32 35,35,34,36|32,31
2026/05/03 23.29.42 39,39,40,40|34,32
05-03 23:29:44.829
2026/05/03 23.30.53 35,35,34,38|33,31
2026/05/03 23.31.08 34,34,34,38|33,31
2026/05/03 23.32.14 38,40,38,40|5,5
2026/05/03 23.33.29 39,41,40,41|35,32
2026/05/03 23.33.39 40,41,39,41|35,32
2026/05/03 23.53.26 34,35,35,41|36,34
2026/05/03 23.53.36 34,35,34,41|36,34
2026/05/03 23.53.56 34,34,34,41|36,34
2026/05/03 23.55.38 32,33,33,34|36,34
2026/05/04 02.04.09 38,38,38,40|34,31
2026/05/04 02.07.44 39,40,39,40|35,32
2026/05/04 02.07.54 40,42,42,42|36,33
2026/05/04 03.03.25 35,36,34,37|32,32
2026/05/04 03.03.36 34,35,34,37|32,32
2026/05/04 03.03.46 35,34,34,37|32,32
2026/05/04 03.05.01 39,40,39,40|35,32
2026/05/04 03.05.11 40,40,40,41|-20,-21
2026/05/04 03.10.19 34,36,34,36|32,31
2026/05/04 03.11.45 34,34,34,35|26,26
2026/05/04 03.13.51 34,34,33,34|30,29
2026/05/04 03.27.49 38,39,39,40|34,31
2026/05/04 03.28.34 39,40,38,40|34,31
2026/05/04 03.32.44 34,34,34,36|32,30
2026/05/04 03.35.27 31,32,31,33|32,30
2026/05/04 11.23.28 38,39,38,40|34,32
2026/05/04 11.23.38 40,41,41,42|35,33
2026/05/04 11.28.26 35,36,34,36|33,32
2026/05/04 11.28.41 34,35,35,36|32,31
2026/05/04 11.30.33 34,34,34,36|32,31
2026/05/04 11.35.54 38,40,39,40|28,27
2026/05/04 11.36.04 41,40,41,40|28,27
2026/05/04 11.50.46 35,35,34,35|32,31
2026/05/04 11.50.56 34,36,35,36|-4,-5
2026/05/04 11.51.36 35,34,35,36|31,30
2026/05/04 11.55.04 34,35,34,34|31,30
05-04 12:18:41.398
2026/05/04 12.18.49 36,38,36,36|31,29
2026/05/04 13.49.01 38,39,39,40|35,33
2026/05/04 13.49.16 40,41,41,41|36,33
2026/05/04 14.08.34 35,34,36,37|33,33
2026/05/04 14.10.10 34,35,35,35|16,15
2026/05/04 14.11.06 35,36,34,36|32,32
2026/05/04 14.19.04 32,34,33,34|30,30
2026/05/04 15.06.48 38,38,38,40|35,33
2026/05/04 15.07.03 38,40,38,39|34,33
05-04 15:07:30.252
2026/05/04 15.07.36 40,43,41,40|35,33
2026/05/04 15.24.28 34,35,35,37|34,32
2026/05/04 15.24.39 34,35,34,37|34,32
2026/05/04 15.24.49 34,34,34,37|34,32
2026/05/04 15.27.48 32,33,32,33|30,29
2026/05/04 20.53.34 39,40,39,38|33,33
2026/05/04 20.53.59 40,40,39,38|33,33
2026/05/04 20.55.47 39,40,41,38|33,33
2026/05/04 21.08.35 35,35,34,38|33,33
2026/05/04 21.08.45 34,35,34,35|33,33
2026/05/04 21.08.55 34,34,34,35|33,33
2026/05/05 18.17.22 38,38,38,40|34,32
2026/05/05 18.17.42 38,40,39,40|35,32
2026/05/05 18.20.40 34,34,35,40|34,32
2026/05/05 18.23.55 32,33,33,33|34,32
05-05 18:32:18.470
2026/05/05 18.32.26 35,37,35,35|31,29
2026/05/05 18.32.46 38,40,40,40|35,32
2026/05/05 18.32.56 40,41,41,42|36,32
2026/05/05 18.43.43 44,45,44,46|40,36
2026/05/05 18.48.44 39,40,39,40|11,10
2026/05/05 18.54.20 44,45,45,45|40,36
2026/05/05 18.56.41 40,41,40,41|-19,-20
2026/05/05 19.29.21 35,35,34,37|32,31
2026/05/05 19.29.36 34,35,35,37|32,31
2026/05/05 19.31.18 35,34,35,36|32,31
2026/05/05 19.39.33 33,34,34,34|31,30
2026/05/05 19.50.42 38,39,39,40|34,31
2026/05/05 19.50.52 40,41,41,42|36,32
2026/05/05 19.52.24 35,34,35,37|25,24
2026/05/05 19.52.55 34,35,35,37|25,24
2026/05/05 19.53.05 34,35,34,37|25,24
2026/05/05 19.55.17 39,40,39,41|35,37
2026/05/05 19.55.37 40,42,41,41|36,35
2026/05/05 20.00.49 31,31,31,33|34,33
2026/05/05 20.04.22 40,42,41,42|36,32
2026/05/05 20.09.55 34,35,35,36|32,32
2026/05/05 20.11.36 34,35,34,36|32,31
2026/05/05 20.13.08 38,40,40,40|34,33
2026/05/05 20.14.29 35,34,35,35|34,32
2026/05/05 20.14.39 34,35,34,35|34,32
2026/05/05 20.23.03 38,40,39,40|35,33
2026/05/05 20.26.00 40,40,39,41|35,33
2026/05/05 20.26.10 40,41,41,41|36,34
2026/05/05 20.28.00 45,46,45,45|40,36
2026/05/05 20.29.00 44,44,44,45|-39,-40
2026/05/05 20.29.10 44,46,46,46|41,36
2026/05/05 20.35.07 38,38,38,39|34,33
2026/05/05 20.36.18 35,34,34,39|34,33
2026/05/05 20.36.28 34,35,34,39|34,33
2026/05/05 20.37.44 39,40,38,39|34,32
2026/05/05 20.41.17 40,40,41,41|36,33
2026/05/05 20.45.04 35,35,34,37|33,32
2026/05/05 20.45.34 34,35,35,36|28,-31
2026/05/05 20.46.35 34,34,34,36|32,31
2026/05/05 20.46.45 33,34,34,34|31,31
2026/05/05 20.48.15 39,39,40,40|35,32
2026/05/05 20.48.30 39,40,39,39|34,32
2026/05/05 20.51.26 40,41,40,41|10,8
2026/05/05 21.02.48 35,35,34,37|32,31
2026/05/05 21.03.49 34,35,35,37|32,31
2026/05/05 21.04.35 35,34,35,36|32,31
2026/05/05 21.12.05 39,40,39,39|34,33
2026/05/05 21.12.15 39,41,42,42|36,33
2026/05/05 21.12.25 40,42,41,41|21,19
05-05 21:12:26.788
2026/05/05 21.19.04 45,46,46,47|40,35
2026/05/05 21.19.59 46,48,46,47|9,7
2026/05/05 21.20.24 46,46,46,47|41,36
2026/05/05 21.27.21 34,35,35,37|42,38
2026/05/05 21.28.12 35,35,34,37|42,38
2026/05/05 21.28.53 35,34,35,35|42,38
2026/05/05 21.29.18 35,35,36,36|27,26
2026/05/05 21.29.59 39,41,41,41|36,32
2026/05/05 21.30.09 41,42,41,42|37,33
2026/05/05 21.34.29 45,46,46,46|40,36
2026/05/05 21.35.34 43,44,43,44|-14,-15
2026/05/05 21.38.05 46,47,46,47|40,36
2026/05/05 21.41.01 45,47,47,47|8,7
2026/05/05 21.41.11 46,47,46,47|40,37
2026/05/05 21.46.57 47,48,47,49|-8,-9
2026/05/05 21.47.07 48,49,48,49|42,37
2026/05/05 21.47.37 47,47,46,47|-18,-19
2026/05/05 21.47.47 45,48,47,48|41,37
2026/05/05 21.48.37 46,47,47,47|-7,-8
2026/05/05 21.48.47 48,49,49,49|42,37
2026/05/05 21.50.27 47,48,48,48|-8,-9
2026/05/05 21.50.37 47,49,49,49|42,37
2026/05/05 21.53.34 46,47,47,47|28,24
2026/05/05 21.53.44 45,46,45,45|40,37
2026/05/05 22.00.14 40,41,42,42|6,5
2026/05/05 22.01.30 44,45,46,46|40,35
2026/05/05 22.02.15 44,46,45,46|19,16
2026/05/05 22.02.30 46,48,47,48|41,36
2026/05/05 22.09.18 40,42,41,42|-40,34
2026/05/05 22.10.23 46,47,47,47|40,36
2026/05/05 22.11.59 43,44,43,44|31,29
2026/05/05 22.15.11 34,35,35,36|33,31
2026/05/05 22.15.32 34,35,34,36|33,31
2026/05/05 22.15.47 35,34,34,35|33,31
2026/05/05 22.23.22 39,40,39,41|35,31
2026/05/05 22.23.32 40,40,40,41|35,31
2026/05/05 22.36.08 45,46,46,46|40,36
2026/05/05 22.38.28 43,44,43,43|32,29
2026/05/05 22.46.52 45,46,47,47|40,36
2026/05/05 22.49.02 43,44,44,44|10,9
2026/05/05 22.53.34 45,46,46,46|40,37
2026/05/05 23.02.43 44,44,43,44|-35,-37
2026/05/05 23.06.56 44,46,45,46|40,36
2026/05/05 23.10.06 43,44,44,44|21,19
2026/05/05 23.10.56 45,46,47,47|40,36
2026/05/05 23.18.00 44,45,43,45|13,11
2026/05/05 23.19.00 45,46,45,46|40,35
2026/05/05 23.20.45 45,47,46,47|-14,-15
2026/05/05 23.20.55 46,48,47,47|41,36
05-05 23:20:57.374
2026/05/05 23.24.45 47,48,47,48|32,27
2026/05/05 23.24.55 47,49,49,49|42,37
2026/05/05 23.26.20 47,49,49,49|32,26
2026/05/05 23.26.30 47,48,48,49|42,37
2026/05/05 23.28.35 45,46,45,46|-2,-3
2026/05/05 23.28.45 45,46,46,46|40,37
2026/05/05 23.36.17 40,41,39,40|17,16
2026/05/05 23.39.44 44,46,46,46|40,35
2026/05/05 23.42.05 46,48,47,47|26,21
2026/05/05 23.42.20 46,48,47,47|41,37
2026/05/05 23.51.48 45,48,46,47|-4,-6
2026/05/05 23.51.58 47,47,47,48|41,37
2026/05/05 23.56.19 47,48,47,47|31,27
2026/05/05 23.56.29 47,48,47,47|41,37
2026/05/05 23.57.34 48,49,48,49|31,26
2026/05/05 23.57.54 47,48,47,48|41,37
2026/05/05 23.58.04 47,48,47,48|-26,-18
2026/05/05 23.58.14 47,49,49,48|42,37
2026/05/06 00.00.54 46,47,46,47|34,30
2026/05/06 00.03.32 45,47,47,47|40,36
2026/05/06 00.04.37 46,47,46,47|-19,-20
2026/05/06 00.04.47 46,48,48,48|40,37
2026/05/06 00.07.08 44,45,44,45|25,23
2026/05/06 00.07.18 44,46,45,46|40,37
2026/05/06 00.10.03 46,48,47,47|22,20
2026/05/06 00.10.13 48,49,50,49|42,37
2026/05/06 00.10.48 47,48,48,49|-5,-6
2026/05/06 00.11.03 47,48,47,48|42,37
2026/05/06 00.11.28 47,48,47,48|-3,-4
2026/05/06 00.11.38 47,48,47,49|42,38
2026/05/06 00.17.55 48,49,47,49|-7,-6
2026/05/06 00.18.15 47,48,47,47|41,37
2026/05/06 00.19.35 45,47,46,46|30,27
2026/05/06 00.19.45 46,47,47,47|41,37
2026/05/06 00.32.16 45,46,45,46|9,8
2026/05/06 00.32.31 45,46,46,47|40,36
2026/05/06 00.33.01 44,46,45,46|16,14
2026/05/06 00.33.11 45,47,46,47|40,36
2026/05/06 00.38.47 37,38,38,39|34,32
2026/05/06 00.43.26 45,47,46,46|40,35
2026/05/06 00.47.12 42,42,42,44|6,6
2026/05/06 00.48.47 45,46,46,46|40,36
2026/05/06 00.50.12 47,48,47,47|9,8
2026/05/06 00.50.22 46,48,47,48|41,36
2026/05/06 00.54.38 43,45,43,44|-13,-14
2026/05/06 01.02.57 44,45,45,46|40,35
2026/05/06 01.03.52 45,46,46,47|-3,-5
2026/05/06 01.04.02 47,48,47,49|41,36
2026/05/06 01.05.48 43,44,44,45|-7,-8
05-06 01:05:50.390
2026/05/06 01.06.18 45,46,46,46|40,35
2026/05/06 01.09.05 44,45,45,45|2,1
2026/05/06 01.09.15 45,46,45,46|40,35
2026/05/06 01.09.25 44,45,45,45|34,30
2026/05/06 01.10.25 45,46,46,47|40,35
2026/05/06 01.13.25 47,47,47,47|30,26
2026/05/06 01.13.41 45,46,46,46|40,36
2026/05/06 01.14.51 48,48,48,50|-26,-27
2026/05/06 01.15.01 49,50,49,50|43,37
2026/05/06 01.15.11 47,48,48,49|-27,-29
2026/05/06 01.15.21 48,50,49,50|42,37
2026/05/06 01.15.41 47,48,47,48|17,15
2026/05/06 01.15.51 47,48,47,48|41,37
2026/05/06 01.16.06 47,48,47,49|-5,-7
2026/05/06 01.16.16 48,49,49,49|42,37
2026/05/06 01.16.36 46,48,46,46|8,7
2026/05/06 01.16.51 48,48,48,49|42,37
2026/05/06 01.19.16 48,49,49,50|26,21
2026/05/06 01.19.26 49,50,50,51|43,38
2026/05/06 01.20.56 48,48,48,49|26,22
2026/05/06 01.21.06 48,49,49,49|42,37
2026/05/06 01.22.11 47,48,47,47|-4,-5
2026/05/06 01.22.21 45,46,46,47|40,37
2026/05/06 01.25.17 46,48,46,47|-14,-15
2026/05/06 01.25.27 46,48,47,48|41,37
2026/05/06 01.28.28 41,43,43,43|-14,-15
2026/05/06 01.36.10 34,35,35,36|36,34
2026/05/06 01.37.01 35,34,35,35|36,34
2026/05/06 01.37.16 34,35,34,35|36,34
2026/05/06 01.39.48 39,40,39,40|-23,-25
2026/05/06 01.39.58 41,42,41,42|36,32
2026/05/06 01.42.39 45,46,46,46|40,35
2026/05/06 01.44.04 44,46,45,45|25,21
2026/05/06 01.45.39 44,46,46,46|40,36
2026/05/06 01.48.29 46,47,46,47|9,7
2026/05/06 01.48.39 46,47,47,47|40,36
2026/05/06 01.50.40 43,44,43,44|24,22
2026/05/06 01.52.57 45,46,46,46|40,35
2026/05/06 01.55.07 41,42,42,43|26,23
2026/05/06 02.08.11 45,46,46,47|40,35
2026/05/06 02.10.11 46,47,47,48|-29,-30
2026/05/06 02.10.21 45,47,46,47|40,36
2026/05/06 02.12.41 46,48,47,47|25,21
2026/05/06 02.12.51 46,48,47,47|41,37
2026/05/06 02.16.41 48,49,47,49|-25,-26
2026/05/06 02.16.51 48,49,49,49|42,37
2026/05/06 02.17.26 47,47,47,47|-3,-4
2026/05/06 02.17.41 46,48,47,47|41,37
2026/05/06 02.19.11 47,49,48,49|32,27
05-06 02:19:13.446
2026/05/06 02.19.21 48,49,48,49|42,37
2026/05/06 02.23.06 46,48,48,48|11,10
2026/05/06 02.23.16 48,49,49,49|42,37
2026/05/06 02.27.17 45,46,46,46|5,4
2026/05/06 02.27.27 47,48,47,47|40,37
2026/05/06 02.34.38 37,38,37,38|34,33
2026/05/06 02.37.51 45,46,46,46|40,35
2026/05/06 02.39.41 47,47,46,47|23,19
2026/05/06 02.39.51 47,49,48,49|41,36
2026/05/06 02.40.51 47,48,47,47|-13,-14
2026/05/06 02.41.01 47,48,47,49|42,37
2026/05/06 02.48.50 43,44,43,44|31,28
2026/05/06 02.55.33 34,34,34,44|38,35
2026/05/06 02.56.17 34,34,34,34|38,35
2026/05/06 03.03.54 39,40,39,39|33,31
2026/05/06 03.04.04 41,42,41,42|36,32
2026/05/06 03.05.29 45,46,46,47|40,34
2026/05/06 03.08.24 44,45,44,45|12,11
2026/05/06 03.15.39 34,35,34,35|34,32
2026/05/06 03.17.18 35,34,35,35|34,32
2026/05/06 03.33.58 39,40,39,39|34,32
2026/05/06 03.43.40 35,34,34,35|34,32
2026/05/06 03.55.23 38,40,38,40|34,32
2026/05/06 03.56.10 40,40,39,40|34,32
2026/05/06 03.56.20 40,42,41,42|34,-34
2026/05/06 03.57.15 45,46,46,46|40,35
2026/05/06 03.57.35 45,46,45,46|-15,-16
2026/05/06 03.57.55 45,47,45,46|40,35
2026/05/06 03.58.10 45,46,46,46|10,8
2026/05/06 04.00.15 45,46,46,46|40,36
2026/05/06 04.00.40 45,47,46,46|5,4
2026/05/06 04.26.44 34,34,34,35|35,33
2026/05/06 04.42.40 30,31,30,32|35,33
2026/05/06 05.15.59 38,40,39,40|35,32
2026/05/06 05.16.09 40,41,41,42|36,33
2026/05/06 05.16.44 45,46,46,47|40,35
2026/05/06 05.20.26 42,43,42,43|-12,-13
2026/05/06 06.08.53 46,47,47,48|41,40
2026/05/06 06.09.28 52,54,54,55|46,44
2026/05/06 06.09.38 53,55,55,55|47,44
2026/05/06 06.09.49 55,56,55,56|49,46
2026/05/06 06.12.53 58,61,59,61|19,18
2026/05/06 06.13.11 51,51,50,51|45,42
2026/05/06 06.13.21 49,51,50,50|44,41
2026/05/06 06.13.39 55,56,56,56|49,48
2026/05/06 06.15.20 61,63,62,64|55,53
2026/05/06 06.16.00 56,57,57,56|48,44
2026/05/06 06.16.14 49,50,50,51|45,43
2026/05/06 06.16.40 55,57,57,57|50,48
05-06 06:16:42.462
2026/05/06 06.17.56 61,61,62,62|56,51
2026/05/06 06.19.01 56,58,57,58|26,24
2026/05/06 06.19.19 49,51,50,51|45,42
2026/05/06 06.19.38 55,56,55,56|49,48
2026/05/06 06.21.28 60,63,62,63|55,52
2026/05/06 06.22.12 56,57,57,57|21,18
2026/05/06 06.22.22 54,55,54,55|48,43
2026/05/06 06.24.14 49,51,50,51|44,41
2026/05/06 06.24.24 47,48,47,48|44,41
2026/05/06 06.26.25 53,55,54,55|48,45
2026/05/06 06.26.35 55,56,57,57|49,46
2026/05/06 06.28.39 60,63,62,63|55,51
2026/05/06 06.29.07 57,58,58,58|26,24
2026/05/06 06.29.25 51,52,52,53|44,42
2026/05/06 06.31.14 61,63,62,63|55,51
2026/05/06 06.32.25 52,53,53,53|45,43
2026/05/06 06.33.16 49,50,50,52|48,44
2026/05/06 06.33.26 48,49,47,52|48,44
2026/05/06 06.33.47 45,46,45,46|48,44
2026/05/06 06.50.01 38,39,39,39|35,33
2026/05/06 06.51.53 38,38,37,38|17,15
2026/05/06 07.01.25 35,35,34,37|35,33
2026/05/06 07.01.45 40,41,41,42|36,33
2026/05/06 07.11.01 45,46,45,46|40,36
2026/05/06 07.15.52 43,44,44,44|32,29
2026/05/06 07.16.22 44,46,46,46|40,36
2026/05/06 07.16.42 45,46,46,46|-38,-40
2026/05/06 07.16.52 44,45,45,46|40,36
2026/05/06 07.19.28 43,44,43,44|34,32
2026/05/06 07.21.54 45,46,46,46|40,36
2026/05/06 07.23.25 43,44,43,44|18,17
2026/05/06 07.30.45 44,46,46,46|40,35
2026/05/06 07.31.40 45,46,45,46|33,28
2026/05/06 07.31.50 45,46,46,47|41,36
2026/05/06 07.41.05 47,48,47,48|-31,-32
2026/05/06 07.41.15 47,48,47,48|41,37
2026/05/06 07.44.26 48,48,47,47|25,21
2026/05/06 07.44.41 47,48,47,48|41,37
2026/05/06 07.44.56 47,48,47,47|-24,-17
2026/05/06 07.45.41 45,46,46,47|40,36
2026/05/06 07.50.25 40,41,41,41|19,17
2026/05/06 07.56.23 45,46,46,46|40,35
2026/05/06 07.57.13 45,46,45,46|-1,-2
2026/05/06 07.57.28 46,47,46,47|40,36
2026/05/06 08.07.55 40,41,41,41|-12,-9
2026/05/06 08.58.12 35,36,34,39|36,34
2026/05/06 08.58.22 34,35,34,39|36,34
2026/05/06 08.58.33 34,34,35,39|36,34
2026/05/06 09.00.56 34,34,34,34|31,29
05-06 09:00:58.533
2026/05/06 13.19.58 36,38,35,36|31,29
2026/05/06 13.20.18 39,41,40,41|35,31
2026/05/06 13.20.28 40,41,41,41|35,31
2026/05/06 13.29.08 35,35,34,36|37,34
2026/05/06 13.29.54 34,35,35,36|37,34
2026/05/06 13.31.10 39,41,41,41|36,33
2026/05/06 13.31.20 44,45,44,45|39,36
2026/05/06 13.31.55 45,47,47,47|41,36
2026/05/06 13.34.15 45,46,45,45|21,18
2026/05/06 13.37.42 44,46,46,45|40,35
2026/05/06 13.43.47 49,50,50,50|32,28
2026/05/06 13.43.57 48,49,49,49|42,38
2026/05/06 13.52.27 45,47,46,47|-2,-3
2026/05/06 13.52.42 47,46,47,47|41,37
2026/05/06 13.54.47 44,46,45,46|-10,-11
2026/05/06 13.54.57 45,46,46,46|40,37
2026/05/06 13.55.52 46,48,47,48|29,25
2026/05/06 13.56.02 46,48,47,47|41,37
2026/05/06 13.58.23 47,48,48,49|-22,-24
2026/05/06 13.58.33 47,48,47,47|41,37
2026/05/06 14.02.09 48,49,48,49|-16,-18
2026/05/06 14.02.24 48,49,49,50|42,38
2026/05/06 14.02.49 47,48,47,48|23,20
2026/05/06 14.02.59 47,48,48,49|41,38
2026/05/06 14.03.24 47,48,47,48|-10,-12
2026/05/06 14.03.34 48,48,48,48|42,38
2026/05/06 14.03.44 47,48,47,48|-16,-14
2026/05/06 14.03.54 48,49,48,49|43,38
2026/05/06 14.04.39 47,48,47,48|-15,-16
2026/05/06 14.04.49 48,50,49,49|43,38
2026/05/06 14.11.50 45,47,47,47|41,40
2026/05/06 14.12.35 49,50,49,50|11,10
2026/05/06 14.12.45 49,50,49,50|42,38
2026/05/06 14.13.45 45,46,46,46|32,30
2026/05/06 14.14.00 45,46,45,46|40,37
2026/05/06 14.19.27 45,46,46,46|0,-1
2026/05/06 14.20.07 44,45,46,47|41,39
2026/05/06 14.21.07 45,46,46,47|-13,-11
2026/05/06 14.21.17 45,46,45,46|40,37
2026/05/06 14.22.32 46,47,46,46|20,18
2026/05/06 14.22.42 47,48,47,48|41,37
2026/05/06 14.30.43 46,48,47,47|20,18
2026/05/06 14.30.53 47,48,49,49|42,37
2026/05/06 14.31.03 46,47,47,47|26,23
2026/05/06 14.31.13 45,47,46,47|41,37
2026/05/06 14.33.18 48,49,49,50|-29,-31
2026/05/06 14.33.28 49,50,51,51|44,40
2026/05/06 14.34.13 46,48,48,48|-16,-17
2026/05/06 14.34.23 48,49,49,49|42,38
05-06 14:34:25.306
2026/05/06 15.46.44 44,46,44,45|38,35
2026/05/06 15.46.54 45,47,47,47|40,36
2026/05/06 15.47.59 52,53,54,55|45,38
2026/05/06 15.48.15 51,53,52,53|-1,-3
2026/05/06 15.48.25 49,50,50,51|44,38
2026/05/06 15.48.48 48,49,49,49|42,38
2026/05/06 15.49.03 46,47,47,47|25,22
2026/05/06 15.49.18 45,46,46,47|40,37
2026/05/06 15.54.23 44,45,45,46|32,29
2026/05/06 15.54.33 46,46,46,47|41,37
2026/05/06 15.56.08 44,45,45,46|22,20
2026/05/06 15.56.33 45,46,45,46|40,36
2026/05/06 16.00.10 38,40,39,39|34,32
2026/05/06 16.04.07 34,35,35,36|32,31
2026/05/06 16.06.07 34,34,35,36|32,30
2026/05/06 16.07.08 35,35,34,37|32,30
2026/05/06 16.12.40 39,40,39,40|35,31
2026/05/06 16.12.50 41,41,41,40|35,31
2026/05/06 16.17.16 45,46,46,46|40,35
2026/05/06 16.18.46 45,47,46,46|32,27
2026/05/06 16.18.56 45,46,46,46|40,36
2026/05/06 16.20.06 44,46,45,46|8,7
2026/05/06 16.20.36 44,45,45,46|40,36
2026/05/06 16.22.36 45,45,45,45|23,19
2026/05/06 16.23.26 45,48,47,47|41,36
2026/05/06 16.23.46 44,46,45,46|21,19
2026/05/06 16.24.01 45,46,46,47|40,36
2026/05/06 16.28.13 44,45,45,45|-4,-5
2026/05/06 16.29.08 45,47,46,47|40,36
2026/05/06 16.30.03 45,46,45,46|32,28
2026/05/06 16.31.34 45,47,46,47|40,36
2026/05/06 16.32.19 45,47,46,47|-20,-21
2026/05/06 16.34.49 45,46,46,46|40,36
2026/05/06 16.40.00 46,47,46,46|28,25
2026/05/06 16.40.20 46,47,46,47|41,37
2026/05/06 16.49.08 45,46,46,46|0,-2
2026/05/06 16.49.58 45,46,46,46|40,36
2026/05/06 16.50.38 47,48,47,48|-10,-12
2026/05/06 16.50.48 45,46,46,46|40,36
2026/05/06 16.51.39 44,45,45,46|-36,-39
2026/05/06 16.54.40 45,46,46,46|40,36
2026/05/06 16.56.25 45,46,45,46|-12,-13
2026/05/06 16.56.35 45,48,47,48|41,36
2026/05/06 16.58.45 43,44,43,44|-24,-25
2026/05/06 17.06.08 44,45,45,46|40,34
2026/05/06 17.08.18 45,45,46,46|21,16
2026/05/06 17.08.33 44,46,45,46|40,35
2026/05/06 17.11.33 44,45,45,45|23,20
2026/05/06 17.18.14 45,46,46,46|40,35
05-06 17:18:16.089
2026/05/06 17.21.45 43,44,43,45|-5,-6
2026/05/06 17.34.35 34,36,36,37|33,31
2026/05/06 17.34.55 35,35,34,36|32,30
2026/05/06 17.37.16 34,34,35,36|33,30
2026/05/06 17.37.51 34,34,33,34|31,29
2026/05/06 17.49.16 38,40,39,38|33,29
2026/05/06 17.49.26 39,40,39,40|34,30
2026/05/06 17.49.36 40,40,39,40|35,30
2026/05/06 17.52.37 39,41,41,41|36,32
2026/05/06 18.01.29 45,47,47,47|41,35
2026/05/06 18.02.59 42,44,42,44|31,28
2026/05/06 18.08.11 44,46,45,47|40,36
2026/05/06 18.16.56 44,46,45,45|12,11
2026/05/06 18.17.11 44,46,46,46|40,37
2026/05/06 18.24.26 43,44,43,44|-29,-30
2026/05/06 18.25.01 45,46,46,46|40,36
2026/05/06 18.27.01 44,46,45,46|17,15
2026/05/06 18.29.08 45,46,46,47|40,36
2026/05/06 18.34.33 47,48,48,48|25,21
2026/05/06 18.34.43 48,49,48,49|42,38
2026/05/06 18.40.40 44,45,45,45|-3,-4
2026/05/06 18.41.20 44,46,45,46|40,36
2026/05/06 18.47.11 46,48,47,49|31,26
2026/05/06 18.47.31 46,47,47,47|40,37
2026/05/06 18.52.47 46,48,47,47|-8,-9
2026/05/06 18.52.57 48,49,48,49|42,38
2026/05/06 18.53.47 45,48,46,47|21,18
2026/05/06 18.54.12 45,46,45,46|40,37
2026/05/06 19.04.34 45,47,46,47|4,5
2026/05/06 19.04.44 45,46,46,47|40,37
2026/05/06 19.09.14 47,48,47,48|-32,-35
2026/05/06 19.09.24 47,48,47,47|41,37
2026/05/06 19.09.39 47,49,47,48|-4,-5
2026/05/06 19.09.49 46,47,47,49|41,38
2026/05/06 19.11.40 45,46,45,46|-29,-30
2026/05/06 19.13.40 46,47,46,47|41,36
2026/05/06 19.23.00 39,40,39,40|32,31
2026/05/06 19.27.59 45,48,47,47|40,36
2026/05/06 19.28.34 45,46,45,46|-4,-5
2026/05/06 19.29.14 45,46,46,47|40,36
2026/05/06 19.29.24 43,45,44,45|22,19
2026/05/06 19.32.21 47,48,47,48|41,36
2026/05/06 19.39.26 40,41,40,41|34,32
2026/05/06 19.40.16 45,46,46,47|40,36
2026/05/06 19.42.03 43,44,43,44|6,5
2026/05/06 19.42.18 45,46,46,46|40,35
2026/05/06 19.43.33 45,46,44,46|24,21
2026/05/06 19.44.58 45,46,45,46|40,36
2026/05/06 19.45.23 44,45,45,45|17,14
05-06 19:45:25.243
2026/05/06 19.45.48 45,46,45,46|40,35
2026/05/06 19.49.25 36,38,38,38|33,32
2026/05/06 19.50.10 34,35,35,37|33,31
2026/05/06 19.50.21 35,34,34,37|33,31
2026/05/06 19.50.31 33,34,33,34|31,30
2026/05/06 20.00.59 39,39,39,40|34,31
2026/05/06 20.01.09 38,40,40,40|35,31
2026/05/06 20.01.19 41,42,42,43|36,32
2026/05/06 20.39.12 34,35,35,37|33,31
2026/05/06 20.39.27 34,35,34,36|32,31
2026/05/06 20.39.47 34,34,34,35|32,31
2026/05/06 20.43.55 32,33,33,33|29,29
2026/05/06 20.52.57 40,41,40,41|36,32
2026/05/06 21.21.18 34,34,34,35|-8,-9
2026/05/06 21.23.31 33,33,32,33|-8,-9
2026/05/06 21.32.09 38,40,39,39|34,31
2026/05/06 21.34.33 38,39,39,40|34,33
2026/05/06 21.34.48 40,40,40,40|34,33
2026/05/06 21.56.22 36,34,35,39|34,32
2026/05/06 21.57.02 34,35,35,36|32,31
2026/05/06 21.57.12 34,34,34,36|32,31
2026/05/06 22.00.47 32,34,33,33|30,29
2026/05/06 22.25.31 38,38,38,40|33,31
2026/05/06 22.25.41 41,42,42,42|35,31
2026/05/06 22.26.06 46,48,47,47|41,33
2026/05/06 22.26.36 43,44,43,44|6,4
2026/05/06 22.29.14 34,35,35,36|32,31
2026/05/06 22.31.10 35,35,34,36|27,27
2026/05/06 22.31.40 39,40,40,41|35,32
2026/05/06 22.32.05 40,41,41,40|36,33
2026/05/06 22.44.55 34,36,35,40|-5,-6
2026/05/06 22.45.16 34,34,34,40|-5,-6
2026/05/06 22.46.32 32,34,34,34|30,30
2026/05/06 23.43.53 38,38,39,40|34,29
2026/05/06 23.44.03 38,40,40,40|35,30
2026/05/06 23.44.13 40,41,41,41|36,30
2026/05/06 23.48.54 35,35,34,39|34,31
2026/05/06 23.51.19 39,40,40,41|36,31
2026/05/06 23.52.04 34,35,35,37|33,31
2026/05/06 23.52.14 33,34,34,37|33,31
2026/05/07 00.00.31 34,34,34,33|31,30
2026/05/07 00.02.11 38,40,38,40|-15,-16
2026/05/07 00.02.21 39,41,40,40|36,31
2026/05/07 00.02.31 40,41,40,42|36,31
2026/05/07 00.07.53 34,35,34,37|33,31
2026/05/07 00.08.50 34,34,34,36|32,30
2026/05/07 00.14.40 39,40,39,40|35,31
2026/05/07 00.14.50 40,41,41,41|36,32
2026/05/07 00.25.14 34,35,35,37|33,32
05-07 00:25:16.085
2026/05/07 00.25.24 34,34,34,37|33,32
2026/05/07 00.29.28 38,40,37,39|34,31
2026/05/07 00.30.08 39,40,40,41|35,31
2026/05/07 00.30.23 40,41,41,41|36,32
2026/05/07 00.34.59 35,35,34,36|32,31
2026/05/07 00.35.29 34,36,35,36|32,30
2026/05/07 00.35.59 34,34,34,36|32,30
2026/05/07 00.40.05 38,40,38,39|34,31
2026/05/07 00.41.05 39,40,40,40|34,32
2026/05/07 00.41.15 40,41,41,41|35,32
2026/05/07 00.55.59 45,46,46,46|40,34
2026/05/07 00.58.24 40,42,41,42|-2,-3
2026/05/07 01.48.16 34,35,35,37|34,34
2026/05/07 01.48.42 34,34,34,37|34,34
2026/05/07 01.49.48 32,34,34,34|31,30
2026/05/07 17.21.03 39,41,40,41|35,31
2026/05/07 17.21.13 42,44,43,45|37,32
2026/05/07 17.22.04 34,34,34,39|-19,-21
2026/05/07 17.23.25 32,34,33,34|30,29
2026/05/07 17.35.46 38,40,38,40|34,31
2026/05/07 17.35.56 40,40,41,41|35,31
2026/05/07 17.37.06 45,46,46,46|40,34
2026/05/07 17.37.56 43,45,45,45|-3,-5
2026/05/07 17.39.31 44,46,45,46|40,35
2026/05/07 17.40.46 43,45,45,45|-17,-18
2026/05/07 17.42.47 45,45,46,46|40,35
2026/05/07 17.58.07 45,46,46,47|27,24
2026/05/07 17.58.17 47,48,48,48|41,36
2026/05/07 17.59.17 42,43,42,44|-18,-19
2026/05/07 17.59.37 45,47,46,46|41,35
2026/05/07 17.59.57 44,46,45,46|8,6
2026/05/07 18.01.58 45,46,45,46|40,35
2026/05/07 18.06.01 45,46,46,46|-32,-34
2026/05/07 18.06.16 46,46,46,47|40,35
2026/05/07 18.14.15 44,45,43,45|28,25
2026/05/07 18.17.06 44,46,45,46|40,35
2026/05/07 18.22.04 39,41,39,40|1,-1
2026/05/07 18.25.25 45,46,46,46|40,35
2026/05/07 18.30.00 34,35,34,39|39,35
2026/05/07 18.30.10 34,34,34,39|39,35
2026/05/07 18.31.32 34,34,35,35|31,30
2026/05/07 18.32.12 39,40,39,41|34,31
2026/05/07 18.32.22 40,41,41,42|36,32
2026/05/07 18.37.13 45,46,46,46|40,35
2026/05/07 18.39.03 44,45,45,45|-4,-6
2026/05/07 18.42.19 45,47,46,46|40,35
2026/05/07 18.48.07 38,38,38,38|34,32
2026/05/07 18.49.34 35,35,34,38|34,32
2026/05/07 18.49.49 35,34,34,38|34,32
05-07 18:49:52.804
2026/05/07 18.50.04 34,35,34,38|34,32
2026/05/07 18.51.00 32,34,34,34|34,32
2026/05/07 18.53.32 38,40,38,40|34,30
2026/05/07 18.53.47 40,41,39,41|4,3
2026/05/07 18.53.57 39,41,40,41|4,3
2026/05/07 18.56.09 35,35,34,39|34,31
2026/05/07 18.56.39 40,41,41,41|35,31
2026/05/07 19.05.07 45,46,46,46|40,36
2026/05/07 19.07.48 46,47,47,47|33,30
2026/05/07 19.07.58 45,46,46,47|40,36
2026/05/07 19.22.02 45,46,46,46|32,28
2026/05/07 19.22.27 45,46,46,46|40,36
2026/05/07 19.26.33 46,47,47,47|25,23
2026/05/07 19.26.43 45,47,47,47|40,37
2026/05/07 19.30.58 44,45,45,46|18,16
2026/05/07 19.31.33 45,46,46,46|40,36
2026/05/07 19.34.14 45,45,45,45|6,5
2026/05/07 19.34.29 44,46,45,46|40,36
2026/05/07 19.35.40 43,44,43,44|17,15
2026/05/07 19.36.20 45,46,46,46|41,36
2026/05/07 19.36.30 44,45,45,46|23,20
2026/05/07 19.36.40 46,46,47,47|40,36
2026/05/07 19.39.36 44,46,44,46|33,29
2026/05/07 19.40.41 45,47,47,47|41,36
2026/05/07 19.43.12 41,42,42,42|-3,-4
2026/05/07 19.44.28 45,46,46,47|40,35
2026/05/07 19.48.38 45,46,45,46|34,30
2026/05/07 19.48.53 45,46,46,47|40,36
2026/05/07 20.00.25 47,48,48,49|-15,-16
2026/05/07 20.00.45 46,47,46,47|40,36
2026/05/07 20.11.17 46,48,46,47|16,13
2026/05/07 20.11.32 45,47,46,47|40,36
2026/05/07 20.17.39 45,47,46,46|13,10
2026/05/07 20.17.59 46,46,47,47|40,36
2026/05/07 20.21.46 43,44,42,45|27,24
2026/05/07 20.28.34 46,46,46,47|40,35
2026/05/07 20.29.34 44,46,46,46|27,24
2026/05/07 20.29.59 45,46,46,46|40,36
2026/05/07 20.30.54 46,48,47,48|32,27
2026/05/07 20.31.04 46,46,46,47|40,36
2026/05/07 20.33.34 45,46,46,46|15,13
2026/05/07 20.33.44 46,48,46,47|41,36
2026/05/07 20.37.29 44,46,45,46|-2,-3
2026/05/07 20.37.49 45,46,46,47|40,36
2026/05/07 20.40.40 45,46,46,46|-31,-32
2026/05/07 20.43.37 46,46,47,48|41,36
2026/05/07 20.44.52 44,45,45,46|8,7
2026/05/07 20.45.07 46,47,46,47|40,36
2026/05/07 20.49.44 44,45,43,45|20,17
05-07 20:49:47.633
2026/05/07 20.49.54 46,47,46,46|40,36
2026/05/07 20.50.09 44,46,45,45|22,18
2026/05/07 20.50.39 47,47,47,47|40,35
2026/05/07 20.56.51 41,42,42,44|-5,-6
2026/05/07 21.03.21 34,35,35,36|33,32
2026/05/07 21.03.37 34,34,35,36|33,32
2026/05/07 21.03.52 34,34,34,36|33,32
2026/05/07 21.05.45 32,34,32,34|33,32
2026/05/07 21.07.15 38,40,38,40|34,30
2026/05/07 21.08.11 40,41,39,40|35,31
2026/05/07 21.09.07 40,41,40,41|35,32
2026/05/07 21.26.49 45,46,46,46|40,35
2026/05/07 21.28.30 41,42,42,42|27,25
2026/05/07 21.31.06 46,47,47,47|40,36
2026/05/07 21.31.51 45,46,46,46|0,-2
2026/05/07 21.32.46 47,47,47,47|41,36
2026/05/07 21.33.01 47,46,46,47|24,20
2026/05/07 21.33.16 46,48,47,47|40,36
2026/05/07 21.35.02 44,45,45,46|28,26
2026/05/07 21.36.32 45,46,45,46|40,36
2026/05/07 21.36.57 44,45,45,46|23,20
2026/05/07 21.37.17 46,48,47,47|41,37
2026/05/07 21.42.30 41,42,41,42|33,31
2026/05/07 21.59.53 45,46,46,47|40,35
2026/05/07 22.06.02 45,46,46,46|-38,-39
2026/05/07 22.06.12 44,46,45,46|40,36
2026/05/07 22.08.53 45,46,45,47|-7,-9
2026/05/07 22.09.03 45,46,45,46|40,36
2026/05/07 22.10.38 45,46,46,45|21,19
2026/05/07 22.12.34 45,46,47,46|40,35
2026/05/07 22.13.59 45,46,46,46|15,13
2026/05/07 22.14.09 46,47,47,47|41,36
2026/05/07 22.19.34 47,48,47,48|17,15
2026/05/07 22.19.44 47,49,49,49|42,38
2026/05/07 22.20.59 47,48,47,47|25,22
2026/05/07 22.21.09 48,50,50,50|43,38
2026/05/07 22.23.25 48,49,47,49|10,8
2026/05/07 22.23.35 48,49,49,50|42,38
2026/05/07 22.29.11 45,47,46,47|25,22
2026/05/07 22.29.21 46,48,46,47|41,37
2026/05/07 22.32.01 44,45,45,45|-9,-10
2026/05/07 22.32.26 45,46,46,46|40,36
2026/05/07 22.34.17 46,47,46,47|8,6
2026/05/07 22.34.27 47,48,47,48|41,37
2026/05/07 22.37.28 43,44,44,44|-39,-40
2026/05/07 22.41.15 45,46,46,46|40,36
2026/05/07 22.41.55 48,49,49,49|2,1
2026/05/07 22.42.05 48,48,48,49|41,37
2026/05/07 22.42.30 47,48,47,48|25,20
05-07 22:42:34.342
2026/05/07 22.42.45 47,48,49,49|41,37
2026/05/07 22.50.32 45,47,46,47|-22,-23
2026/05/07 22.50.42 45,47,47,47|41,37
2026/05/07 22.55.11 43,44,44,45|27,25
2026/05/07 22.59.27 44,46,46,46|40,36
2026/05/07 22.59.52 44,45,45,45|23,20
2026/05/07 23.00.58 44,46,45,46|40,36
2026/05/07 23.03.33 43,44,45,45|-3,-4
2026/05/07 23.03.53 45,46,46,46|40,36
2026/05/07 23.09.09 47,48,47,48|30,27
2026/05/07 23.09.19 48,49,49,49|42,37
2026/05/07 23.14.19 45,47,46,46|20,18
2026/05/07 23.14.29 45,46,46,46|40,36
2026/05/07 23.16.15 43,44,43,45|2,1
2026/05/07 23.16.51 45,46,46,47|40,36
2026/05/07 23.23.53 45,47,46,46|26,22
2026/05/07 23.24.03 45,47,47,47|40,36
2026/05/07 23.24.23 46,48,47,48|32,27
2026/05/07 23.24.33 47,49,48,49|41,36
2026/05/07 23.26.44 41,43,43,43|34,31
2026/05/07 23.27.14 44,46,45,46|40,36
2026/05/07 23.27.39 44,45,45,46|11,9
2026/05/07 23.28.09 46,47,47,47|40,36
2026/05/07 23.34.20 33,33,33,39|39,36
2026/05/07 23.36.23 32,34,34,33|30,29
2026/05/07 23.39.25 39,40,39,40|34,31
2026/05/07 23.41.20 39,40,40,41|34,32
2026/05/07 23.41.35 41,42,41,42|36,32
2026/05/07 23.54.25 45,46,46,46|40,35
2026/05/07 23.56.00 45,46,46,47|34,29
2026/05/07 23.56.10 46,48,47,47|40,36
2026/05/07 23.57.10 42,43,43,44|-11,-12
2026/05/08 00.08.02 45,46,45,46|40,36
2026/05/08 00.11.49 43,44,43,44|-20,-21
2026/05/08 00.31.23 45,46,46,47|40,36
2026/05/08 00.33.09 44,44,44,44|25,23
2026/05/08 00.45.24 34,35,35,37|37,35
2026/05/08 00.46.15 35,34,35,35|37,35
2026/05/08 00.46.40 34,35,34,35|37,35
2026/05/08 00.47.40 38,40,39,40|34,32
2026/05/08 00.47.56 40,41,40,40|34,32
2026/05/08 00.57.39 45,46,45,46|40,35
2026/05/08 00.59.50 38,38,38,40|34,33
2026/05/08 01.05.28 35,36,34,36|32,31
2026/05/08 01.06.24 34,35,35,37|32,31
2026/05/08 01.06.55 34,34,34,37|32,31
2026/05/08 01.08.11 38,40,38,39|2,1
2026/05/08 01.08.21 39,40,40,41|36,32
2026/05/08 01.08.31 40,42,42,42|37,32
05-08 01:08:35.072
2026/05/08 01.20.57 35,35,34,36|33,32
2026/05/08 01.21.12 34,35,35,36|33,32
2026/05/08 01.22.34 34,34,34,37|33,31
2026/05/08 01.23.34 39,40,39,40|-6,-8
2026/05/08 01.23.44 40,41,41,42|36,33
2026/05/08 01.34.06 44,46,46,46|40,35
2026/05/08 01.35.01 43,44,43,45|-13,-14
2026/05/08 01.59.37 34,36,35,40|35,33
2026/05/08 02.00.37 40,40,39,41|-5,-6
2026/05/08 02.09.57 44,45,46,46|40,35
2026/05/08 02.11.17 44,46,45,46|23,19
2026/05/08 02.40.17 35,35,34,39|35,33
2026/05/08 02.40.27 34,35,35,39|35,33
2026/05/08 02.42.10 35,34,35,36|35,33
2026/05/08 02.45.42 39,40,39,40|35,33
2026/05/08 02.45.52 40,41,41,42|36,33
2026/05/08 03.00.43 45,46,46,46|40,35
2026/05/08 03.04.06 38,39,38,40|34,33
2026/05/08 03.26.25 35,35,34,37|38,34
2026/05/08 03.27.11 35,34,35,37|33,31
2026/05/08 03.27.31 34,34,35,37|33,31
2026/05/08 03.29.18 38,40,39,39|35,31
2026/05/08 03.29.33 39,40,40,40|35,32
2026/05/08 03.34.02 40,41,41,41|36,33
2026/05/08 04.19.51 45,47,46,46|41,36
2026/05/08 04.25.12 48,48,49,49|-3,-4
2026/05/08 04.25.32 47,49,47,48|42,37
2026/05/08 04.28.47 49,50,49,50|-18,-19
2026/05/08 04.29.02 47,48,48,49|42,38
2026/05/08 04.33.07 45,47,46,47|-39,37
2026/05/08 04.33.27 47,48,47,48|41,37
2026/05/08 04.33.37 47,48,47,47|3,2
2026/05/08 04.33.47 46,48,47,47|41,37
2026/05/08 04.38.43 51,52,53,53|45,41
2026/05/08 04.38.58 53,55,55,55|47,42
2026/05/08 04.39.20 50,51,51,51|38,33
2026/05/08 04.39.40 49,50,49,50|43,39
2026/05/08 04.39.50 46,46,47,50|43,39
2026/05/08 04.40.00 47,48,47,48|42,38
2026/05/08 04.41.31 45,46,46,46|21,19
2026/05/08 04.41.41 46,47,46,47|41,37
2026/05/08 04.42.41 46,46,46,47|6,4
2026/05/08 04.42.51 48,49,49,50|42,37
2026/05/08 04.43.21 47,48,48,49|22,18
2026/05/08 04.43.36 48,49,49,49|42,38
2026/05/08 04.45.26 47,48,47,49|-16,-17
2026/05/08 04.45.46 48,49,48,49|42,38
2026/05/08 04.46.06 48,49,47,49|16,15
2026/05/08 04.46.21 47,48,47,47|41,38
05-08 04:46:25.671
2026/05/08 04.47.01 48,49,48,49|-5,-6
2026/05/08 04.47.16 47,49,49,49|42,38
2026/05/08 04.47.31 47,48,47,47|-37,-38
2026/05/08 04.47.41 46,48,47,47|41,38
2026/05/08 04.51.42 45,47,46,47|34,30
2026/05/08 04.51.52 45,46,46,46|40,37
2026/05/08 04.53.57 47,48,47,48|26,22
2026/05/08 04.54.07 45,47,46,47|40,37
2026/05/08 04.56.07 47,49,48,49|8,7
2026/05/08 04.56.17 46,48,47,48|41,38
2026/05/08 04.56.32 47,49,48,48|29,24
2026/05/08 04.56.47 47,48,47,47|41,38
2026/05/08 04.57.52 47,48,47,49|-18,-19
2026/05/08 04.58.07 45,47,46,47|41,37
2026/05/08 05.01.48 48,49,48,49|15,13
2026/05/08 05.01.58 48,49,48,49|42,38
2026/05/08 05.06.59 45,48,46,47|-3,-4
2026/05/08 05.07.34 44,46,45,46|40,37
2026/05/08 05.10.06 45,46,45,46|12,10
2026/05/08 05.10.16 45,46,46,47|41,37
2026/05/08 05.14.01 35,37,35,36|32,31
2026/05/08 05.14.42 34,35,34,37|32,31
2026/05/08 05.15.02 34,34,34,37|32,31
2026/05/08 05.16.14 34,34,33,34|32,31
2026/05/08 05.16.54 39,40,38,40|34,31
2026/05/08 05.17.09 40,40,40,40|35,31
2026/05/08 05.18.40 34,35,34,39|34,32
2026/05/08 05.19.36 39,40,40,40|35,31
2026/05/08 05.19.46 40,41,40,41|27,24
2026/05/08 05.39.41 45,46,46,47|40,35
2026/05/08 05.41.46 45,46,46,46|24,20
2026/05/08 05.42.16 45,46,47,47|40,36
2026/05/08 05.48.13 44,46,45,45|25,22
2026/05/08 05.48.43 45,46,46,47|40,36
2026/05/08 06.01.57 44,44,45,45|-13,-15
2026/05/08 06.02.32 45,46,46,46|40,36
2026/05/08 06.12.55 43,44,44,45|-15,-16
2026/05/08 06.26.05 44,46,45,46|40,35
2026/05/08 06.26.20 44,45,45,46|22,18
2026/05/08 06.28.22 45,46,46,46|40,35
2026/05/08 06.32.50 44,45,43,45|-13,-14
2026/05/08 06.50.52 44,46,46,46|40,35
2026/05/08 06.58.20 44,45,44,45|-25,-26
2026/05/08 07.14.40 44,46,46,47|40,35
2026/05/08 07.15.35 43,44,43,44|28,24
2026/05/08 07.18.20 45,46,46,47|41,35
2026/05/08 07.21.55 48,50,49,49|15,12
2026/05/08 07.22.05 47,49,48,47|42,37
2026/05/08 07.25.11 43,45,44,44|-25,-26
05-08 07:25:16.127
2026/05/08 19.11.55 35,37,34,35|30,29
2026/05/08 19.12.15 39,41,40,41|35,31
2026/05/08 19.12.25 42,44,42,44|37,32
2026/05/08 19.54.09 34,35,34,38|34,32
2026/05/08 19.54.40 35,34,35,36|32,31
2026/05/08 19.57.51 38,40,39,39|34,32
2026/05/08 19.59.17 39,40,40,41|35,33
2026/05/08 19.59.37 40,40,41,41|35,33
2026/05/08 20.32.08 34,35,35,36|32,31
2026/05/08 20.32.53 34,34,34,35|32,31
2026/05/08 20.45.35 39,41,39,40|35,33
2026/05/08 20.46.10 39,39,40,41|35,33
2026/05/08 20.47.10 40,40,41,41|35,33
2026/05/08 20.59.15 34,35,35,37|33,32
2026/05/08 20.59.36 35,35,34,36|32,31
2026/05/08 20.59.51 34,34,35,36|32,31
2026/05/08 21.02.44 31,33,32,34|32,31
2026/05/08 23.12.29 39,40,39,40|35,31
2026/05/08 23.12.39 39,40,40,40|35,31
2026/05/08 23.13.04 40,41,41,41|36,32
2026/05/08 23.20.42 34,35,35,36|33,32
2026/05/08 23.21.02 35,36,34,36|32,31
2026/05/08 23.21.23 34,33,35,36|32,31
2026/05/08 23.22.29 32,34,33,34|30,29
2026/05/08 23.56.34 38,40,39,40|35,30
2026/05/08 23.56.44 39,41,41,41|36,31
2026/05/08 23.56.54 40,42,42,42|37,31
2026/05/09 00.08.24 34,35,35,36|31,30
2026/05/09 00.08.34 34,35,34,36|31,30
2026/05/09 00.08.49 34,34,35,35|31,30
2026/05/09 00.11.35 38,40,39,40|34,31
2026/05/09 00.12.35 39,40,40,41|36,32
2026/05/09 00.13.20 40,41,40,41|36,32
2026/05/09 00.17.36 34,35,35,39|-14,-15
2026/05/09 00.17.56 34,35,34,35|-12,-13
2026/05/09 00.18.16 34,34,34,35|32,30
2026/05/09 00.19.42 31,33,33,33|28,27
2026/05/09 00.24.03 38,39,39,40|35,30
2026/05/09 00.24.23 38,40,39,40|35,31
2026/05/09 00.25.03 39,40,40,41|35,31
2026/05/09 00.25.38 40,40,41,41|36,32
2026/05/09 00.29.04 34,35,35,36|32,30
2026/05/09 00.29.14 33,34,33,35|32,30
2026/05/09 00.29.49 32,33,34,34|30,29
2026/05/09 00.33.30 38,39,39,40|34,30
2026/05/09 00.33.45 38,40,39,40|34,30
2026/05/09 00.34.15 39,40,40,40|35,31
2026/05/09 00.36.10 35,35,34,38|33,31
2026/05/09 00.36.26 34,34,34,38|33,31
05-09 00:36:28.334
2026/05/09 00.37.52 33,34,34,34|31,30
2026/05/09 00.44.07 39,40,40,41|36,32
2026/05/09 00.44.17 40,42,42,42|37,33
2026/05/09 00.47.08 44,46,45,46|40,35
2026/05/09 00.57.28 48,50,49,49|30,24
2026/05/09 00.57.38 48,49,49,50|42,38
2026/05/09 01.05.33 47,48,48,48|-35,-37
2026/05/09 01.05.43 47,49,49,49|42,37
2026/05/09 01.07.48 46,47,47,47|4,3
2026/05/09 01.07.58 46,47,46,48|41,37
2026/05/09 01.08.18 45,47,46,47|24,21
2026/05/09 01.08.53 44,46,45,45|40,37
2026/05/09 01.18.32 44,45,44,45|-30,-31
2026/05/09 01.35.13 45,48,46,48|40,35
2026/05/09 01.36.03 46,48,47,47|-9,-11
2026/05/09 01.36.13 46,46,46,47|41,36
2026/05/09 01.43.23 48,49,49,49|-33,-35
2026/05/09 02.10.25 36,36,35,36|36,35
2026/05/09 02.11.05 34,35,35,36|36,35
2026/05/09 02.13.08 34,34,34,35|36,35
2026/05/09 02.16.48 34,34,33,34|32,31
2026/05/09 02.24.47 38,40,38,39|35,31
2026/05/09 02.25.02 39,39,39,40|35,32
2026/05/09 02.25.12 39,40,40,40|35,32
2026/05/09 02.26.02 35,35,34,36|32,30
2026/05/09 02.26.18 34,34,34,36|32,30
2026/05/09 02.26.58 32,34,34,34|32,30
2026/05/09 02.35.32 38,40,38,40|35,32
2026/05/09 02.36.43 35,34,35,39|34,32
2026/05/09 02.37.18 40,41,40,41|35,32
2026/05/09 02.51.32 44,46,46,46|40,36
2026/05/09 02.55.27 44,45,45,46|-38,-39
2026/05/09 02.55.57 45,46,46,46|40,37
2026/05/09 02.56.17 44,45,44,45|-3,-4
2026/05/09 02.56.37 45,46,46,47|40,37
2026/05/09 02.59.57 43,44,44,45|-8,-5
2026/05/09 03.04.53 44,45,45,45|40,36
2026/05/09 03.12.28 48,49,50,49|-25,-27
2026/05/09 03.12.38 48,49,49,49|43,38
2026/05/09 03.18.08 36,38,37,39|34,33
2026/05/09 03.19.35 35,35,34,37|32,32
2026/05/09 03.19.45 35,34,35,37|32,32
2026/05/09 03.19.55 34,34,35,37|32,32
2026/05/09 03.21.53 33,34,34,34|31,31
2026/05/09 04.05.16 38,39,39,40|34,29
2026/05/09 04.05.31 38,40,39,40|34,29
2026/05/09 04.06.06 39,40,40,41|35,29
2026/05/09 04.07.31 35,34,34,36|31,28
2026/05/09 04.07.46 32,34,34,34|30,28
05-09 04:07:49.436
2026/05/09 04.17.07 38,39,39,40|34,30
2026/05/09 04.17.17 39,40,39,41|35,31
2026/05/09 04.17.27 40,41,40,41|36,31
2026/05/09 04.24.02 45,46,46,47|40,35
2026/05/09 04.25.37 45,47,46,47|26,22
2026/05/09 04.25.47 44,45,46,46|40,35
2026/05/09 04.34.02 44,44,45,45|32,27
2026/05/09 04.34.27 44,46,46,46|40,34
2026/05/09 04.35.57 45,47,46,46|9,7
2026/05/09 04.36.07 45,48,46,47|40,35
2026/05/09 04.37.12 45,46,45,46|8,6
2026/05/09 04.44.14 34,35,34,36|2,2
2026/05/09 04.44.30 34,34,34,36|2,2
2026/05/09 04.50.33 33,34,34,34|30,29
2026/05/09 07.58.13 39,39,39,40|35,31
2026/05/09 07.58.23 39,41,40,40|36,31
2026/05/09 07.58.33 40,41,41,41|36,31
2026/05/09 07.59.34 34,35,35,41|35,32
2026/05/09 07.59.45 34,35,34,41|35,32
2026/05/09 08.00.15 34,34,35,37|32,31
2026/05/09 08.05.15 39,40,39,40|34,31
2026/05/09 08.05.25 40,41,40,41|35,31
2026/05/09 08.10.26 44,45,45,46|40,35
2026/05/09 08.15.26 43,45,44,45|25,22
2026/05/09 08.42.12 34,35,35,36|32,29
2026/05/09 09.31.48 34,34,35,36|32,30
2026/05/09 09.37.23 34,35,34,36|32,30
2026/05/09 13.09.23 35,34,34,34|31,29
2026/05/09 20.22.55 39,40,41,40|35,31
2026/05/09 20.23.05 41,42,42,42|36,32
2026/05/09 20.58.23 44,46,45,46|40,35
2026/05/09 20.58.48 44,45,43,45|-11,-12
2026/05/09 20.59.18 44,46,45,45|40,35
2026/05/09 21.01.03 44,45,45,45|-22,-23
2026/05/09 21.01.18 44,45,45,45|40,36
2026/05/09 21.02.18 44,45,44,45|-38,-39
2026/05/09 21.03.08 44,45,45,46|40,36
2026/05/09 21.14.08 45,46,46,46|-3,-4
2026/05/09 21.14.18 45,46,46,46|40,36
2026/05/09 21.14.33 46,46,46,46|-16,-17
2026/05/09 21.14.43 45,46,46,47|41,36
2026/05/09 21.15.39 44,45,46,45|30,26
2026/05/09 21.15.49 46,47,47,46|40,36
2026/05/09 21.26.35 38,38,38,39|34,32
2026/05/09 21.28.20 44,45,45,46|40,35
2026/05/09 21.38.46 45,45,45,46|-27,-28
2026/05/09 21.38.56 45,46,46,48|41,37
2026/05/09 21.39.41 47,48,48,49|-10,-11
2026/05/09 21.39.51 46,46,46,47|41,37
05-09 21:39:55.297
2026/05/09 23.23.55 34,35,33,34|29,28
2026/05/09 23.47.55 40,41,42,42|36,32
2026/05/10 00.01.03 44,45,45,46|40,36
2026/05/10 00.02.03 41,43,42,42|33,31
2026/05/10 00.07.41 45,47,46,47|40,36
2026/05/10 00.08.11 44,45,44,45|-34,-35
2026/05/10 00.11.37 44,45,45,46|40,36
2026/05/10 00.13.48 43,44,42,44|9,8
2026/05/10 00.16.38 45,46,46,47|40,37
2026/05/10 00.17.33 43,45,44,45|-40,37
2026/05/10 00.18.18 45,46,46,47|40,38
2026/05/10 00.19.33 45,47,47,47|41,40
2026/05/10 00.20.03 53,55,55,55|47,45
2026/05/10 00.20.13 55,56,55,56|49,46
2026/05/10 00.20.48 49,52,51,52|44,39
2026/05/10 00.21.06 49,50,49,50|43,39
2026/05/10 00.21.17 48,49,49,49|43,39
2026/05/10 00.26.23 45,47,46,46|-39,-40
2026/05/10 00.26.33 46,48,47,48|41,37
2026/05/10 00.34.46 44,45,44,45|31,28
2026/05/10 00.34.56 45,46,46,46|40,37
2026/05/10 00.35.16 45,46,46,46|-5,-3
2026/05/10 00.35.26 45,46,46,46|40,37
2026/05/10 00.36.16 46,47,47,48|26,22
2026/05/10 00.36.26 45,46,47,46|40,37
2026/05/10 00.36.41 45,46,45,46|26,23
2026/05/10 00.42.53 45,46,47,46|40,37
2026/05/10 00.46.39 45,46,46,45|-33,-34
2026/05/10 00.46.49 45,46,45,46|40,37
2026/05/10 00.47.39 43,45,44,44|-13,-14
2026/05/10 00.48.04 47,48,48,49|42,38
2026/05/10 00.48.14 49,51,51,52|44,41
2026/05/10 00.48.29 52,54,54,55|46,43
2026/05/10 00.48.39 53,55,54,55|47,43
2026/05/10 00.49.19 48,49,49,49|43,39
2026/05/10 01.02.07 46,47,47,47|31,28
2026/05/10 01.05.28 44,45,45,46|39,40
2026/05/10 01.05.38 47,48,47,48|40,42
2026/05/10 01.08.54 43,44,43,44|36,34
2026/05/10 01.11.00 43,44,43,44|-17,-18
2026/05/10 01.12.35 46,47,46,48|40,37
2026/05/10 01.16.10 45,46,45,46|15,14
2026/05/10 01.17.51 44,46,46,46|41,37
2026/05/10 01.18.56 47,48,47,48|-38,-39
2026/05/10 01.19.06 46,46,46,47|40,37
2026/05/10 01.19.51 46,48,47,47|20,18
2026/05/10 01.20.01 46,48,47,47|41,37
2026/05/10 01.30.01 37,39,38,39|34,34
2026/05/10 01.36.04 34,35,35,37|33,33
05-10 01:36:05.781
2026/05/10 01.36.14 35,35,34,37|33,33
2026/05/10 01.37.05 34,34,34,37|33,33
2026/05/10 01.38.17 32,33,33,33|33,33
2026/05/10 01.39.47 38,40,40,41|34,32
2026/05/10 01.44.11 40,40,41,42|35,33
2026/05/10 01.48.48 46,46,46,46|40,35
2026/05/10 01.52.28 43,45,43,44|13,11
2026/05/10 02.01.55 45,46,46,47|40,36
2026/05/10 02.06.43 43,43,42,42|-3,-4
2026/05/10 02.08.43 45,47,47,47|40,36
2026/05/10 02.10.53 43,45,44,44|33,31
2026/05/10 02.12.49 44,46,46,46|40,36
2026/05/10 02.16.35 44,45,45,45|0,-1
2026/05/10 02.27.43 44,46,45,46|40,36
2026/05/10 02.30.43 44,45,44,45|-36,-37
2026/05/10 02.32.34 45,46,46,47|40,36
2026/05/10 02.35.51 41,42,42,44|-19,-20
2026/05/10 02.38.43 45,46,45,46|40,36
2026/05/10 02.40.49 39,40,40,41|-4,-5
2026/05/10 03.02.51 45,46,46,46|40,36
2026/05/10 03.04.07 42,44,43,43|21,20
2026/05/10 03.14.30 45,47,46,46|40,36
2026/05/10 03.14.50 44,45,45,46|3,2
2026/05/10 03.26.14 35,35,34,40|36,34
2026/05/10 03.26.29 34,35,35,36|36,34
2026/05/10 03.27.14 40,41,40,40|35,32
2026/05/10 03.33.18 34,36,34,37|32,32
2026/05/10 03.36.22 34,34,34,36|32,31
2026/05/10 03.40.17 30,30,30,31|32,31
2026/05/10 04.09.33 39,40,39,40|35,29
2026/05/10 04.09.43 39,41,40,41|35,30
2026/05/10 04.09.53 40,42,41,42|36,30
2026/05/10 04.19.22 34,35,35,35|26,25
2026/05/10 04.19.52 34,35,34,35|31,30
2026/05/10 04.20.02 34,34,34,35|31,30
2026/05/10 04.21.57 38,40,39,41|35,31
2026/05/10 04.22.07 41,42,42,42|36,32
2026/05/10 04.24.09 34,35,34,35|36,32
2026/05/10 04.24.40 34,34,34,35|36,32
2026/05/10 04.29.11 33,34,33,34|31,31
2026/05/10 04.32.34 38,40,38,40|34,31
2026/05/10 04.32.54 41,41,41,40|34,32
2026/05/10 04.41.31 34,35,35,36|32,32
2026/05/10 04.41.51 35,34,35,36|32,32
2026/05/10 04.42.37 35,35,34,36|29,29
2026/05/10 04.50.21 39,40,40,40|34,32
2026/05/10 04.51.21 40,42,42,42|36,33
2026/05/10 05.10.37 45,47,46,47|40,35
2026/05/10 05.10.52 47,47,46,46|-6,-8
05-10 05:10:53.819
2026/05/10 05.11.02 47,47,46,47|40,36
2026/05/10 05.14.33 38,39,38,39|34,33
2026/05/10 05.25.32 35,35,34,36|32,31
2026/05/10 05.25.52 34,35,35,36|32,31
2026/05/10 05.27.28 34,34,34,37|32,31
2026/05/10 05.29.14 34,34,34,34|28,27
2026/05/10 05.30.25 38,38,38,40|34,31
2026/05/10 05.30.45 39,40,39,40|35,32
2026/05/10 05.30.55 39,40,40,41|35,32
2026/05/10 05.31.05 40,40,40,40|35,32
2026/05/10 05.36.35 45,47,46,46|40,35
2026/05/10 05.39.06 42,42,41,42|-11,-12
2026/05/10 05.50.41 34,35,35,40|35,33
2026/05/10 05.50.57 34,34,34,40|35,33
2026/05/10 05.54.31 34,34,34,34|32,31
2026/05/10 05.57.55 39,40,39,41|34,32
2026/05/10 05.58.15 39,40,40,41|35,32
2026/05/10 05.58.25 40,42,40,41|35,31
2026/05/10 06.00.22 35,35,34,41|35,31
2026/05/10 06.01.38 39,41,40,41|35,32
2026/05/10 06.05.54 45,48,46,47|40,35
2026/05/10 06.06.59 44,45,45,45|-5,-6
2026/05/10 06.07.39 45,46,46,47|40,36
2026/05/10 06.07.54 45,46,46,47|-32,-34
2026/05/10 06.08.04 45,45,46,46|40,36
2026/05/10 06.10.20 44,45,45,46|21,19
2026/05/10 06.10.35 45,47,46,46|40,36
2026/05/10 06.11.50 45,47,46,47|-38,-39
2026/05/10 06.12.00 45,47,46,46|40,36
2026/05/10 06.18.26 47,48,47,48|-30,-31
2026/05/10 06.18.36 47,48,47,48|41,37
2026/05/10 06.18.46 46,48,47,47|10,9
2026/05/10 06.18.56 45,47,46,46|41,37
2026/05/10 06.26.54 45,45,45,46|-13,-10
2026/05/10 06.27.04 45,46,46,47|41,37
2026/05/10 06.28.20 45,46,46,46|25,21
2026/05/10 06.28.30 45,46,46,46|40,37
2026/05/10 06.29.05 47,48,47,47|18,16
2026/05/10 06.29.15 46,48,47,47|41,37
2026/05/10 06.29.45 47,48,47,48|21,18
2026/05/10 06.30.25 46,48,46,47|41,37
2026/05/10 06.32.25 46,47,46,47|7,7
2026/05/10 06.32.35 46,47,47,47|41,37
2026/05/10 06.33.00 47,47,47,47|33,29
2026/05/10 06.33.20 46,47,47,47|41,37
2026/05/10 06.34.05 46,49,47,48|33,30
2026/05/10 06.34.15 47,48,47,47|41,37
2026/05/10 06.34.50 45,47,46,46|-5,-6
2026/05/10 06.35.15 47,48,47,47|41,37
05-10 06:35:17.014
2026/05/10 06.43.57 45,45,45,46|33,29
2026/05/10 06.44.07 45,46,46,46|40,36
2026/05/10 06.45.12 47,49,48,49|18,15
2026/05/10 06.45.27 46,47,46,47|41,37
2026/05/10 06.50.53 47,48,47,48|-8,-9
2026/05/10 06.51.08 47,48,49,49|41,37
2026/05/10 06.51.23 47,49,48,49|30,25
2026/05/10 06.51.33 47,49,47,49|42,38
2026/05/10 06.55.24 47,48,47,48|-6,-8
2026/05/10 06.55.34 46,48,47,47|41,37
2026/05/10 06.56.29 47,48,48,48|-14,-10
2026/05/10 06.56.39 47,49,48,49|42,37
2026/05/10 06.56.49 48,49,49,49|9,7
2026/05/10 06.56.59 48,49,48,49|42,38
2026/05/10 06.58.29 46,48,47,47|0,2
2026/05/10 06.58.44 45,46,46,46|40,37
2026/05/10 06.59.19 48,49,49,50|43,42
2026/05/10 06.59.39 53,55,54,56|48,45
2026/05/10 06.59.49 55,56,55,56|49,45
2026/05/10 07.01.06 49,51,50,51|44,40
2026/05/10 07.01.16 49,50,49,50|43,39
2026/05/10 07.01.26 48,49,49,49|42,39
2026/05/10 07.05.56 47,48,47,48|10,9
2026/05/10 07.06.06 45,47,46,47|41,37
2026/05/10 07.06.21 45,46,45,46|23,21
2026/05/10 07.06.31 45,46,46,46|40,37
2026/05/10 07.12.02 47,48,47,47|-38,-40
2026/05/10 07.12.12 48,49,48,49|41,37
2026/05/10 07.19.59 45,46,45,45|26,23
2026/05/10 07.20.09 46,48,47,48|41,37
2026/05/10 07.20.44 46,48,47,47|-3,-4
2026/05/10 07.20.54 47,48,47,47|41,37
2026/05/10 07.24.20 48,49,47,49|-18,-19
2026/05/10 07.24.30 47,48,48,49|41,37
2026/05/10 07.30.00 46,47,46,47|20,18
2026/05/10 07.30.10 46,46,46,46|40,37
2026/05/10 07.33.00 47,48,47,47|-37,-38
2026/05/10 07.33.15 45,46,45,46|40,37
2026/05/10 07.34.20 43,45,43,45|19,17
2026/05/10 07.35.10 45,46,46,47|40,36
2026/05/10 07.35.50 43,45,43,44|26,23
2026/05/10 07.38.31 45,46,46,47|40,36
2026/05/10 07.41.41 45,47,46,47|11,10
2026/05/10 07.42.11 45,46,45,46|40,36
2026/05/10 07.43.07 47,49,47,48|32,27
2026/05/10 07.43.17 48,49,49,50|42,37
2026/05/10 07.48.18 47,47,46,47|27,23
2026/05/10 07.48.28 47,48,47,48|41,37
2026/05/10 07.52.03 44,45,45,45|25,22
05-10 07:52:05.464
2026/05/10 07.52.13 45,47,46,46|40,36
2026/05/10 07.53.08 40,42,42,42|11,10
2026/05/10 07.57.44 44,46,46,46|40,35
2026/05/10 07.58.24 44,45,46,46|27,23
2026/05/10 07.58.44 45,46,46,46|40,35
2026/05/10 08.00.59 44,45,44,45|-12,-13
2026/05/10 08.02.44 45,46,46,46|40,35
2026/05/10 08.03.49 44,45,45,45|25,21
2026/05/10 08.04.14 44,46,46,46|40,36
2026/05/10 08.06.54 45,46,46,46|-31,-33
2026/05/10 08.19.18 45,46,46,47|40,35
2026/05/10 08.19.38 45,48,47,47|-38,-40
2026/05/10 08.24.10 45,46,46,46|40,36
2026/05/10 08.24.31 43,45,43,45|31,28
2026/05/10 08.25.11 45,45,46,46|40,36
2026/05/10 08.29.04 45,47,47,48|42,40
2026/05/10 08.31.05 52,54,54,55|46,44
2026/05/10 08.31.15 53,55,55,56|47,45
2026/05/10 08.31.28 55,56,56,57|49,46
2026/05/10 08.32.49 55,57,55,56|19,18
2026/05/10 08.32.59 51,53,51,53|45,41
2026/05/10 08.33.11 49,51,50,51|44,40
2026/05/10 08.33.30 48,50,49,49|43,39
2026/05/10 08.33.40 47,48,48,49|42,39
2026/05/10 08.36.05 47,48,48,48|24,22
2026/05/10 08.36.15 47,48,47,48|41,37
2026/05/10 08.41.26 45,46,46,46|-14,-15
2026/05/10 08.41.41 45,46,46,47|40,37
2026/05/10 08.45.07 44,45,45,46|-40,36
2026/05/10 08.45.17 47,47,46,47|41,37
2026/05/10 08.50.28 44,46,45,46|-7,-8
2026/05/10 08.50.43 45,46,46,46|41,37
2026/05/10 08.56.14 41,42,41,42|-28,-29
2026/05/10 08.58.35 45,46,46,47|40,36
2026/05/10 09.00.10 44,45,45,46|30,26
2026/05/10 09.12.28 44,46,46,46|40,35
2026/05/10 09.19.33 45,46,46,46|25,21
2026/05/10 09.19.43 47,48,47,48|41,36
2026/05/10 09.21.34 45,47,47,47|22,18
2026/05/10 09.21.49 46,48,47,48|41,36
2026/05/10 09.23.44 44,45,45,45|-6,-7
2026/05/10 09.24.04 45,46,46,46|40,36
2026/05/10 09.25.49 45,46,46,46|17,15
2026/05/10 09.26.59 44,46,45,46|40,36
2026/05/10 09.28.30 43,44,43,45|-1,-2
2026/05/10 09.28.50 45,46,46,45|40,36
2026/05/10 09.30.50 45,47,47,47|-23,-25
2026/05/10 09.31.00 45,46,46,46|40,36
2026/05/10 09.31.20 45,46,46,46|26,23
05-10 09:31:22.881
2026/05/10 18.13.07 32,34,31,32|27,26
2026/05/10 18.13.27 38,40,39,41|34,29
2026/05/10 18.13.52 39,40,40,40|34,30
2026/05/10 18.14.02 40,41,40,41|35,30
2026/05/10 18.18.52 35,35,34,37|33,31
2026/05/10 18.19.02 34,34,34,35|33,31
2026/05/10 18.19.53 32,33,33,34|33,31
2026/05/10 18.24.17 39,40,41,41|35,31
2026/05/10 18.29.30 34,35,34,36|32,31
2026/05/10 18.31.16 34,34,35,36|32,31
2026/05/10 18.32.37 32,33,33,34|30,29
2026/05/10 19.20.28 38,40,38,40|34,31
2026/05/10 19.20.43 39,40,40,40|35,32
2026/05/10 19.21.03 40,41,41,42|36,32
2026/05/10 19.25.33 45,45,46,46|40,35
2026/05/10 19.28.04 38,40,39,40|20,20
2026/05/10 19.33.48 35,35,34,37|33,31
2026/05/10 19.36.04 34,36,35,36|32,30
2026/05/10 19.36.29 34,34,35,36|31,30
2026/05/10 19.37.50 33,34,34,34|30,29
2026/05/10 19.45.23 39,39,38,40|34,32
2026/05/10 19.45.38 39,40,39,40|34,32
2026/05/10 19.45.48 40,41,41,41|-4,-5
2026/05/10 19.47.13 45,45,45,46|40,35
2026/05/10 19.52.45 43,44,43,44|-4,-5
2026/05/10 19.54.05 45,46,46,47|40,36
2026/05/10 19.54.51 43,45,45,46|-20,-21
2026/05/10 19.55.36 45,46,47,47|40,37
2026/05/10 20.04.58 43,44,43,44|10,8
2026/05/10 20.13.53 45,46,46,47|40,36
2026/05/10 20.19.03 45,46,45,46|-4,-5
2026/05/10 20.19.13 45,46,46,46|41,37
2026/05/10 20.20.18 46,48,47,48|5,4
2026/05/10 20.20.28 47,49,49,48|42,37
2026/05/10 20.22.48 46,47,47,47|-25,-18
2026/05/10 20.22.58 47,48,47,47|41,37
2026/05/10 20.23.13 47,49,48,49|-3,-4
2026/05/10 20.23.23 47,48,48,49|42,38
2026/05/10 20.33.54 38,39,38,39|34,33
2026/05/10 20.47.50 45,46,46,47|41,36
2026/05/10 20.50.55 42,44,43,44|5,4
2026/05/10 20.58.23 45,46,46,46|40,36
2026/05/10 21.00.59 43,44,44,44|-17,-18
2026/05/10 21.08.50 45,46,46,46|40,36
2026/05/10 21.12.07 38,38,38,39|34,33
2026/05/10 21.15.26 35,36,34,36|32,31
2026/05/10 21.15.46 34,35,35,36|32,31
2026/05/10 21.16.07 34,34,35,36|32,31
2026/05/10 21.17.07 33,34,34,34|31,30
05-10 21:17:10.062
